
============ model starts, fold 0 ===========
model_parameters: 3732296
model:model8;batch_size:128;out_channels:[64, 16];kernel_size_cnn:[[4, 2], [2, 4]];weight:0.5;lr:0.001
Epoch: 1-----------Training Loss: 1.17064 -------- Testing Loss: 1.22063 -------- Training Acc: 0.49096 -------- Testing Acc: 0.52355 -------- Class Acc: 0.53031
confusion_matrix:
0.53750 0.21563 0.12187 0.12500
0.24383 0.46296 0.06173 0.23148
0.29200 0.11600 0.51600 0.07600
0.03810 0.30952 0.04762 0.60476
Epoch: 2-----------Training Loss: 1.02326 -------- Testing Loss: 1.03882 -------- Training Acc: 0.58409 -------- Testing Acc: 0.58967 -------- Class Acc: 0.60659
confusion_matrix:
0.54063 0.18438 0.15313 0.12187
0.21914 0.48765 0.04630 0.24691
0.15600 0.10000 0.66000 0.08400
0.06190 0.17619 0.02381 0.73810
Epoch: 3-----------Training Loss: 0.93353 -------- Testing Loss: 1.06777 -------- Training Acc: 0.64308 -------- Testing Acc: 0.62047 -------- Class Acc: 0.62748
confusion_matrix:
0.62187 0.10938 0.19687 0.07187
0.30247 0.50309 0.09568 0.09877
0.08000 0.09600 0.80400 0.02000
0.18571 0.18571 0.04762 0.58095
Epoch: 4-----------Training Loss: 0.83097 -------- Testing Loss: 1.04352 -------- Training Acc: 0.70344 -------- Testing Acc: 0.61051 -------- Class Acc: 0.61905
confusion_matrix:
0.77500 0.08438 0.04063 0.10000
0.33642 0.41358 0.03086 0.21914
0.34800 0.06800 0.54000 0.04400
0.19524 0.05714 0.00000 0.74762
Epoch: 5-----------Training Loss: 0.72146 -------- Testing Loss: 1.07404 -------- Training Acc: 0.76718 -------- Testing Acc: 0.62862 -------- Class Acc: 0.61945
confusion_matrix:
0.67812 0.21875 0.03125 0.07187
0.18519 0.68519 0.02778 0.10185
0.28800 0.17600 0.52400 0.01200
0.15714 0.24762 0.00476 0.59048
Epoch: 6-----------Training Loss: 0.60141 -------- Testing Loss: 1.86712 -------- Training Acc: 0.83657 -------- Testing Acc: 0.51721 -------- Class Acc: 0.51160
confusion_matrix:
0.86250 0.05312 0.01562 0.06875
0.50926 0.33951 0.00926 0.14198
0.73600 0.05200 0.19200 0.02000
0.27143 0.07143 0.00476 0.65238
Epoch: 7-----------Training Loss: 0.51851 -------- Testing Loss: 3.68631 -------- Training Acc: 0.88788 -------- Testing Acc: 0.51359 -------- Class Acc: 0.54639
confusion_matrix:
0.07500 0.28437 0.53438 0.10625
0.03086 0.56790 0.24383 0.15741
0.00000 0.08400 0.87600 0.04000
0.02381 0.23810 0.07143 0.66667
Epoch: 8-----------Training Loss: 0.47951 -------- Testing Loss: 2.17559 -------- Training Acc: 0.91727 -------- Testing Acc: 0.52536 -------- Class Acc: 0.52757
confusion_matrix:
0.84062 0.04063 0.00937 0.10938
0.51852 0.28395 0.02160 0.17593
0.62400 0.04400 0.30000 0.03200
0.23810 0.06667 0.00952 0.68571
Epoch: 9-----------Training Loss: 0.40010 -------- Testing Loss: 1.51949 -------- Training Acc: 0.94869 -------- Testing Acc: 0.64312 -------- Class Acc: 0.66253
confusion_matrix:
0.53438 0.11875 0.14688 0.20000
0.13889 0.55556 0.08951 0.21605
0.08000 0.08800 0.78400 0.04800
0.07619 0.11429 0.03333 0.77619
Epoch: 10-----------Training Loss: 0.37946 -------- Testing Loss: 4.13828 -------- Training Acc: 0.95999 -------- Testing Acc: 0.50362 -------- Class Acc: 0.55003
confusion_matrix:
0.43750 0.02500 0.28125 0.25625
0.23148 0.11728 0.23148 0.41975
0.07200 0.01200 0.81200 0.10400
0.07143 0.01429 0.08095 0.83333
Epoch: 11-----------Training Loss: 0.33192 -------- Testing Loss: 1.43984 -------- Training Acc: 0.97762 -------- Testing Acc: 0.65308 -------- Class Acc: 0.66017
confusion_matrix:
0.80625 0.07812 0.01562 0.10000
0.31481 0.46605 0.04012 0.17901
0.24400 0.09200 0.61600 0.04800
0.13810 0.10952 0.00000 0.75238
Epoch: 12-----------Training Loss: 0.30144 -------- Testing Loss: 1.25803 -------- Training Acc: 0.99186 -------- Testing Acc: 0.66576 -------- Class Acc: 0.66875
confusion_matrix:
0.71562 0.12812 0.10000 0.05625
0.27469 0.55556 0.09877 0.07099
0.12800 0.08400 0.78000 0.00800
0.15238 0.19524 0.02857 0.62381
Epoch: 13-----------Training Loss: 0.28891 -------- Testing Loss: 1.19544 -------- Training Acc: 0.99684 -------- Testing Acc: 0.70018 -------- Class Acc: 0.70182
confusion_matrix:
0.75938 0.13750 0.01875 0.08438
0.24383 0.64506 0.02160 0.08951
0.19600 0.12800 0.66000 0.01600
0.12381 0.12381 0.00952 0.74286
Epoch: 14-----------Training Loss: 0.23799 -------- Testing Loss: 1.21012 -------- Training Acc: 0.99910 -------- Testing Acc: 0.69565 -------- Class Acc: 0.69943
confusion_matrix:
0.70312 0.16875 0.02813 0.10000
0.17284 0.67593 0.03395 0.11728
0.17200 0.16400 0.65200 0.01200
0.09524 0.13333 0.00476 0.76667
Epoch: 15-----------Training Loss: 0.19917 -------- Testing Loss: 1.30475 -------- Training Acc: 0.99977 -------- Testing Acc: 0.70018 -------- Class Acc: 0.70638
confusion_matrix:
0.74375 0.11875 0.03125 0.10625
0.20679 0.62654 0.04012 0.12654
0.18800 0.12400 0.66000 0.02800
0.09524 0.10000 0.00952 0.79524
Epoch: 16-----------Training Loss: 0.19801 -------- Testing Loss: 1.30135 -------- Training Acc: 0.99977 -------- Testing Acc: 0.70652 -------- Class Acc: 0.71478
confusion_matrix:
0.75313 0.10625 0.03750 0.10312
0.21605 0.59877 0.04321 0.14198
0.16000 0.11200 0.71200 0.01600
0.09524 0.10000 0.00952 0.79524
Epoch: 17-----------Training Loss: 0.17922 -------- Testing Loss: 1.32034 -------- Training Acc: 0.99977 -------- Testing Acc: 0.70199 -------- Class Acc: 0.70915
confusion_matrix:
0.74687 0.11250 0.03750 0.10312
0.21605 0.60802 0.04321 0.13272
0.16400 0.12400 0.69600 0.01600
0.10000 0.10476 0.00952 0.78571
Epoch: 18-----------Training Loss: 0.18214 -------- Testing Loss: 1.29994 -------- Training Acc: 0.99977 -------- Testing Acc: 0.70471 -------- Class Acc: 0.71122
confusion_matrix:
0.72813 0.14062 0.04375 0.08750
0.20370 0.63580 0.04321 0.11728
0.16800 0.11200 0.70000 0.02000
0.10476 0.10000 0.01429 0.78095
Epoch: 19-----------Training Loss: 0.20085 -------- Testing Loss: 1.31963 -------- Training Acc: 0.99977 -------- Testing Acc: 0.70199 -------- Class Acc: 0.71236
confusion_matrix:
0.68750 0.14062 0.05625 0.11563
0.16667 0.63889 0.05247 0.14198
0.14000 0.12400 0.70400 0.03200
0.06667 0.10000 0.01429 0.81905
Epoch: 20-----------Training Loss: 0.20534 -------- Testing Loss: 1.26986 -------- Training Acc: 0.99910 -------- Testing Acc: 0.70471 -------- Class Acc: 0.70723
confusion_matrix:
0.68125 0.20312 0.02500 0.09062
0.13580 0.73148 0.02160 0.11111
0.15200 0.19200 0.64000 0.01600
0.06667 0.14762 0.00952 0.77619
Epoch: 21-----------Training Loss: 0.16435 -------- Testing Loss: 1.34167 -------- Training Acc: 0.99977 -------- Testing Acc: 0.70743 -------- Class Acc: 0.70877
confusion_matrix:
0.66563 0.22187 0.02500 0.08750
0.11728 0.76852 0.00926 0.10494
0.15600 0.20400 0.62000 0.02000
0.07143 0.14286 0.00476 0.78095
Epoch: 22-----------Training Loss: 0.16119 -------- Testing Loss: 1.36513 -------- Training Acc: 0.99977 -------- Testing Acc: 0.70018 -------- Class Acc: 0.70633
confusion_matrix:
0.60313 0.25312 0.05625 0.08750
0.10185 0.75000 0.03704 0.11111
0.08400 0.20400 0.69600 0.01600
0.06667 0.14762 0.00952 0.77619
Epoch: 23-----------Training Loss: 0.16294 -------- Testing Loss: 1.34123 -------- Training Acc: 0.99977 -------- Testing Acc: 0.69837 -------- Class Acc: 0.70645
confusion_matrix:
0.58750 0.24688 0.05937 0.10625
0.09877 0.74383 0.03395 0.12346
0.11200 0.16400 0.70400 0.02000
0.06190 0.13810 0.00952 0.79048
Epoch: 24-----------Training Loss: 0.11191 -------- Testing Loss: 1.38907 -------- Training Acc: 0.99977 -------- Testing Acc: 0.69746 -------- Class Acc: 0.70289
confusion_matrix:
0.62187 0.24063 0.03438 0.10312
0.12654 0.74074 0.02469 0.10802
0.13600 0.18800 0.66800 0.00800
0.06667 0.14286 0.00952 0.78095
Epoch: 25-----------Training Loss: 0.11530 -------- Testing Loss: 1.43760 -------- Training Acc: 0.99977 -------- Testing Acc: 0.69022 -------- Class Acc: 0.69587
confusion_matrix:
0.60625 0.26250 0.01875 0.11250
0.10185 0.75000 0.02160 0.12654
0.13600 0.21600 0.63200 0.01600
0.05714 0.14286 0.00476 0.79524
Epoch: 26-----------Training Loss: 0.11280 -------- Testing Loss: 1.44589 -------- Training Acc: 0.99977 -------- Testing Acc: 0.69746 -------- Class Acc: 0.70501
confusion_matrix:
0.60625 0.25000 0.04375 0.10000
0.11420 0.73457 0.02778 0.12346
0.10800 0.19200 0.68400 0.01600
0.06667 0.13333 0.00476 0.79524
Epoch: 27-----------Training Loss: 0.12929 -------- Testing Loss: 1.35605 -------- Training Acc: 1.00000 -------- Testing Acc: 0.70471 -------- Class Acc: 0.71113
confusion_matrix:
0.66250 0.17500 0.05937 0.10312
0.13889 0.69136 0.04321 0.12654
0.12800 0.13600 0.72400 0.01200
0.09048 0.12857 0.01429 0.76667
Epoch: 28-----------Training Loss: 0.10505 -------- Testing Loss: 1.47686 -------- Training Acc: 1.00000 -------- Testing Acc: 0.69837 -------- Class Acc: 0.70218
confusion_matrix:
0.70937 0.17813 0.02813 0.08438
0.16975 0.67593 0.03395 0.12037
0.18000 0.15600 0.65200 0.01200
0.10000 0.11905 0.00952 0.77143
Epoch: 29-----------Training Loss: 0.07088 -------- Testing Loss: 1.49937 -------- Training Acc: 1.00000 -------- Testing Acc: 0.69746 -------- Class Acc: 0.70565
confusion_matrix:
0.66250 0.19375 0.03125 0.11250
0.15123 0.68827 0.02469 0.13580
0.15600 0.17600 0.64800 0.02000
0.06190 0.10476 0.00952 0.82381
Epoch: 30-----------Training Loss: 0.06297 -------- Testing Loss: 1.67219 -------- Training Acc: 1.00000 -------- Testing Acc: 0.69384 -------- Class Acc: 0.70284
confusion_matrix:
0.65312 0.18125 0.02500 0.14062
0.13889 0.69136 0.01543 0.15432
0.14400 0.19600 0.62400 0.03600
0.05714 0.09524 0.00476 0.84286
Epoch: 31-----------Training Loss: 0.06479 -------- Testing Loss: 1.58216 -------- Training Acc: 1.00000 -------- Testing Acc: 0.69746 -------- Class Acc: 0.70154
confusion_matrix:
0.61562 0.25000 0.03438 0.10000
0.10802 0.76235 0.02469 0.10494
0.11600 0.21200 0.65200 0.02000
0.06667 0.15714 0.00000 0.77619
Epoch: 32-----------Training Loss: 0.06875 -------- Testing Loss: 1.57568 -------- Training Acc: 1.00000 -------- Testing Acc: 0.69565 -------- Class Acc: 0.69943
confusion_matrix:
0.64062 0.22187 0.02500 0.11250
0.11420 0.75309 0.00926 0.12346
0.15600 0.21600 0.60400 0.02400
0.07143 0.12381 0.00476 0.80000
Epoch: 33-----------Training Loss: 0.07451 -------- Testing Loss: 1.59676 -------- Training Acc: 1.00000 -------- Testing Acc: 0.69928 -------- Class Acc: 0.70614
confusion_matrix:
0.63125 0.22187 0.04063 0.10625
0.11111 0.72531 0.02778 0.13580
0.11200 0.20400 0.66800 0.01600
0.07619 0.11429 0.00952 0.80000
Epoch: 34-----------Training Loss: 0.07041 -------- Testing Loss: 1.57019 -------- Training Acc: 1.00000 -------- Testing Acc: 0.69022 -------- Class Acc: 0.69558
confusion_matrix:
0.62187 0.23438 0.04063 0.10312
0.12346 0.73148 0.02778 0.11728
0.15600 0.18000 0.64800 0.01600
0.08571 0.11905 0.01429 0.78095
Epoch: 35-----------Training Loss: 0.07682 -------- Testing Loss: 1.60650 -------- Training Acc: 1.00000 -------- Testing Acc: 0.69565 -------- Class Acc: 0.70187
confusion_matrix:
0.58125 0.27187 0.04063 0.10625
0.08333 0.76852 0.02778 0.12037
0.09200 0.21200 0.67200 0.02400
0.07143 0.13333 0.00952 0.78571
Epoch: 36-----------Training Loss: 0.09958 -------- Testing Loss: 1.61284 -------- Training Acc: 0.99977 -------- Testing Acc: 0.68659 -------- Class Acc: 0.68540
confusion_matrix:
0.56875 0.31875 0.02813 0.08438
0.08642 0.82407 0.00926 0.08025
0.12000 0.22400 0.64400 0.01200
0.07143 0.21905 0.00476 0.70476
Epoch: 37-----------Training Loss: 0.10463 -------- Testing Loss: 1.53276 -------- Training Acc: 1.00000 -------- Testing Acc: 0.70199 -------- Class Acc: 0.71274
confusion_matrix:
0.58750 0.24375 0.04688 0.12187
0.10494 0.72840 0.02469 0.14198
0.08400 0.18800 0.71600 0.01200
0.05238 0.10952 0.01905 0.81905
Epoch: 38-----------Training Loss: 0.09796 -------- Testing Loss: 1.57389 -------- Training Acc: 1.00000 -------- Testing Acc: 0.69203 -------- Class Acc: 0.69575
confusion_matrix:
0.64687 0.21875 0.02187 0.11250
0.14198 0.73765 0.00617 0.11420
0.17200 0.19600 0.60800 0.02400
0.07619 0.12857 0.00476 0.79048
Epoch: 39-----------Training Loss: 0.08395 -------- Testing Loss: 1.62562 -------- Training Acc: 1.00000 -------- Testing Acc: 0.68478 -------- Class Acc: 0.68858
confusion_matrix:
0.65625 0.21563 0.02500 0.10312
0.14198 0.70988 0.01543 0.13272
0.16000 0.20400 0.61200 0.02400
0.08571 0.12857 0.00952 0.77619
Epoch: 40-----------Training Loss: 0.09865 -------- Testing Loss: 1.50277 -------- Training Acc: 1.00000 -------- Testing Acc: 0.70924 -------- Class Acc: 0.71554
confusion_matrix:
0.66875 0.16875 0.05937 0.10312
0.15741 0.68827 0.05556 0.09877
0.10000 0.14000 0.74800 0.01200
0.10000 0.12857 0.01429 0.75714
Epoch: 41-----------Training Loss: 0.11078 -------- Testing Loss: 1.69361 -------- Training Acc: 1.00000 -------- Testing Acc: 0.70290 -------- Class Acc: 0.70984
confusion_matrix:
0.63438 0.18125 0.11875 0.06563
0.15432 0.66975 0.10802 0.06790
0.03600 0.12000 0.84000 0.00400
0.11905 0.15714 0.02857 0.69524
Epoch: 42-----------Training Loss: 0.11592 -------- Testing Loss: 1.53700 -------- Training Acc: 1.00000 -------- Testing Acc: 0.70018 -------- Class Acc: 0.70074
confusion_matrix:
0.61875 0.22812 0.08125 0.07187
0.12346 0.75926 0.05247 0.06481
0.07600 0.17200 0.74400 0.00800
0.12857 0.17619 0.01429 0.68095
Epoch: 43-----------Training Loss: 0.05090 -------- Testing Loss: 1.62457 -------- Training Acc: 1.00000 -------- Testing Acc: 0.71377 -------- Class Acc: 0.72443
confusion_matrix:
0.68125 0.14688 0.06875 0.10312
0.18210 0.65741 0.03704 0.12346
0.11200 0.13200 0.74000 0.01600
0.07619 0.09048 0.01429 0.81905
Epoch: 44-----------Training Loss: 0.02384 -------- Testing Loss: 1.74754 -------- Training Acc: 1.00000 -------- Testing Acc: 0.69203 -------- Class Acc: 0.69162
confusion_matrix:
0.72813 0.15625 0.02813 0.08750
0.21296 0.67284 0.02469 0.08951
0.18400 0.14800 0.65600 0.01200
0.14286 0.13333 0.01429 0.70952
Epoch: 45-----------Training Loss: 0.02268 -------- Testing Loss: 1.82478 -------- Training Acc: 1.00000 -------- Testing Acc: 0.68297 -------- Class Acc: 0.68505
confusion_matrix:
0.74062 0.14688 0.03438 0.07812
0.25000 0.61728 0.03704 0.09568
0.19200 0.12800 0.66800 0.01200
0.14762 0.12381 0.01429 0.71429
Epoch: 46-----------Training Loss: 0.02926 -------- Testing Loss: 1.78781 -------- Training Acc: 1.00000 -------- Testing Acc: 0.69384 -------- Class Acc: 0.69511
confusion_matrix:
0.75313 0.12812 0.03125 0.08750
0.23457 0.64198 0.03395 0.08951
0.21200 0.12000 0.65200 0.01600
0.13333 0.11905 0.01429 0.73333
Epoch: 47-----------Training Loss: 0.02227 -------- Testing Loss: 1.81304 -------- Training Acc: 1.00000 -------- Testing Acc: 0.69293 -------- Class Acc: 0.69179
confusion_matrix:
0.69375 0.18750 0.04063 0.07812
0.19136 0.70370 0.02778 0.07716
0.16000 0.14400 0.68400 0.01200
0.14286 0.15714 0.01429 0.68571
Epoch: 48-----------Training Loss: 0.02128 -------- Testing Loss: 1.87281 -------- Training Acc: 1.00000 -------- Testing Acc: 0.68478 -------- Class Acc: 0.68224
confusion_matrix:
0.72500 0.16250 0.03438 0.07812
0.22222 0.67901 0.02778 0.07099
0.18800 0.15600 0.64400 0.01200
0.14286 0.16667 0.00952 0.68095
Epoch: 49-----------Training Loss: 0.02234 -------- Testing Loss: 1.74444 -------- Training Acc: 1.00000 -------- Testing Acc: 0.70833 -------- Class Acc: 0.71013
confusion_matrix:
0.67188 0.18438 0.05937 0.08438
0.15432 0.71914 0.04938 0.07716
0.10000 0.15200 0.74000 0.00800
0.10476 0.17143 0.01429 0.70952
Epoch: 50-----------Training Loss: 0.01545 -------- Testing Loss: 1.83891 -------- Training Acc: 1.00000 -------- Testing Acc: 0.70652 -------- Class Acc: 0.70374
confusion_matrix:
0.69063 0.18750 0.05000 0.07187
0.14815 0.73765 0.05247 0.06173
0.11200 0.16000 0.72000 0.00800
0.11429 0.20476 0.01429 0.66667
Best Accuracy:0.71377
Average Top 10 Accuracy:0.70906
Best Class Accuracy:0.72443
Average Top 10 Class Accuracy:0.71597
============================= model ends ===================================

============ model starts, fold 1 ===========
model_parameters: 3732296
model:model8;batch_size:128;out_channels:[64, 16];kernel_size_cnn:[[4, 2], [2, 4]];weight:tensor([0.5000], device='cuda:0');lr:0.001
Epoch: 1-----------Training Loss: 1.16662 -------- Testing Loss: 1.23032 -------- Training Acc: 0.49254 -------- Testing Acc: 0.49004 -------- Class Acc: 0.50414
confusion_matrix:
0.62258 0.14839 0.10645 0.12258
0.37536 0.30659 0.02006 0.29799
0.50667 0.06222 0.35556 0.07556
0.16818 0.09545 0.00455 0.73182
Epoch: 2-----------Training Loss: 1.02500 -------- Testing Loss: 1.05273 -------- Training Acc: 0.58929 -------- Testing Acc: 0.57428 -------- Class Acc: 0.59034
confusion_matrix:
0.61613 0.18387 0.10323 0.09677
0.31519 0.43553 0.02006 0.22923
0.31111 0.06222 0.57333 0.05333
0.12727 0.12727 0.00909 0.73636
Epoch: 3-----------Training Loss: 0.92756 -------- Testing Loss: 0.99959 -------- Training Acc: 0.64467 -------- Testing Acc: 0.60236 -------- Class Acc: 0.62943
confusion_matrix:
0.60645 0.15806 0.13871 0.09677
0.30372 0.40974 0.06590 0.22063
0.17778 0.04444 0.73333 0.04444
0.12727 0.07727 0.02727 0.76818
Epoch: 4-----------Training Loss: 0.83055 -------- Testing Loss: 1.33882 -------- Training Acc: 0.70547 -------- Testing Acc: 0.54076 -------- Class Acc: 0.54807
confusion_matrix:
0.82903 0.08065 0.01935 0.07097
0.48711 0.29799 0.00000 0.21490
0.60000 0.04444 0.32889 0.02667
0.23636 0.02727 0.00000 0.73636
Epoch: 5-----------Training Loss: 0.71552 -------- Testing Loss: 1.22620 -------- Training Acc: 0.77825 -------- Testing Acc: 0.59239 -------- Class Acc: 0.61042
confusion_matrix:
0.71613 0.09677 0.12903 0.05806
0.38395 0.38109 0.09456 0.14040
0.30222 0.03111 0.64444 0.02222
0.15455 0.11818 0.02727 0.70000
Epoch: 6-----------Training Loss: 0.59791 -------- Testing Loss: 1.72068 -------- Training Acc: 0.84109 -------- Testing Acc: 0.56884 -------- Class Acc: 0.60872
confusion_matrix:
0.48065 0.12903 0.26774 0.12258
0.21777 0.34957 0.21203 0.22063
0.14667 0.02667 0.79556 0.03111
0.10000 0.05000 0.04091 0.80909
Epoch: 7-----------Training Loss: 0.49341 -------- Testing Loss: 2.84214 -------- Training Acc: 0.88766 -------- Testing Acc: 0.53080 -------- Class Acc: 0.55376
confusion_matrix:
0.80323 0.06129 0.08065 0.05484
0.64470 0.18052 0.05444 0.12034
0.35556 0.00889 0.62222 0.01333
0.30909 0.05455 0.02727 0.60909
Epoch: 8-----------Training Loss: 0.47283 -------- Testing Loss: 1.76687 -------- Training Acc: 0.91094 -------- Testing Acc: 0.57699 -------- Class Acc: 0.56101
confusion_matrix:
0.41613 0.48710 0.05806 0.03871
0.11748 0.79943 0.03152 0.05158
0.13778 0.31111 0.54667 0.00444
0.17727 0.32273 0.01818 0.48182
Epoch: 9-----------Training Loss: 0.38350 -------- Testing Loss: 1.60776 -------- Training Acc: 0.93987 -------- Testing Acc: 0.61866 -------- Class Acc: 0.63362
confusion_matrix:
0.68065 0.15484 0.05161 0.11290
0.24642 0.47564 0.02865 0.24928
0.27556 0.11111 0.56000 0.05333
0.11364 0.04091 0.02727 0.81818
Epoch: 10-----------Training Loss: 0.33259 -------- Testing Loss: 1.93146 -------- Training Acc: 0.96383 -------- Testing Acc: 0.61141 -------- Class Acc: 0.62275
confusion_matrix:
0.43871 0.22903 0.30000 0.03226
0.14040 0.64470 0.12034 0.09456
0.05778 0.06667 0.86667 0.00889
0.20000 0.21364 0.04545 0.54091
Epoch: 11-----------Training Loss: 0.30778 -------- Testing Loss: 1.51893 -------- Training Acc: 0.98101 -------- Testing Acc: 0.65308 -------- Class Acc: 0.67012
confusion_matrix:
0.64194 0.15161 0.08387 0.12258
0.18338 0.54441 0.02579 0.24642
0.20444 0.08444 0.65778 0.05333
0.12727 0.03182 0.00455 0.83636
Epoch: 12-----------Training Loss: 0.29218 -------- Testing Loss: 1.16288 -------- Training Acc: 0.98734 -------- Testing Acc: 0.68025 -------- Class Acc: 0.68511
confusion_matrix:
0.62258 0.23226 0.07742 0.06774
0.18338 0.68481 0.03725 0.09456
0.17778 0.05778 0.74667 0.01778
0.11364 0.18182 0.01818 0.68636
Epoch: 13-----------Training Loss: 0.24397 -------- Testing Loss: 1.33362 -------- Training Acc: 0.99435 -------- Testing Acc: 0.66757 -------- Class Acc: 0.67831
confusion_matrix:
0.59355 0.21290 0.06452 0.12903
0.14613 0.64756 0.02006 0.18625
0.15556 0.13333 0.62667 0.08444
0.09545 0.05909 0.00000 0.84545
Epoch: 14-----------Training Loss: 0.23226 -------- Testing Loss: 1.61402 -------- Training Acc: 0.99638 -------- Testing Acc: 0.64946 -------- Class Acc: 0.65933
confusion_matrix:
0.60968 0.18065 0.15806 0.05161
0.23782 0.60745 0.05444 0.10029
0.20444 0.06667 0.71111 0.01778
0.18182 0.10000 0.00909 0.70909
Epoch: 15-----------Training Loss: 0.24278 -------- Testing Loss: 1.21418 -------- Training Acc: 0.99842 -------- Testing Acc: 0.69656 -------- Class Acc: 0.69312
confusion_matrix:
0.62903 0.27097 0.04839 0.05161
0.13467 0.76791 0.02006 0.07736
0.15111 0.16000 0.67556 0.01333
0.11364 0.17727 0.00909 0.70000
Epoch: 16-----------Training Loss: 0.20161 -------- Testing Loss: 1.22387 -------- Training Acc: 1.00000 -------- Testing Acc: 0.70924 -------- Class Acc: 0.72052
confusion_matrix:
0.53226 0.26129 0.12903 0.07742
0.12894 0.75072 0.04585 0.07450
0.07556 0.07556 0.84000 0.00889
0.10000 0.11818 0.02273 0.75909
Epoch: 17-----------Training Loss: 0.15525 -------- Testing Loss: 1.33327 -------- Training Acc: 1.00000 -------- Testing Acc: 0.71286 -------- Class Acc: 0.71940
confusion_matrix:
0.72903 0.13226 0.07097 0.06774
0.21490 0.65616 0.03152 0.09742
0.19556 0.05778 0.73333 0.01333
0.14091 0.09545 0.00455 0.75909
Epoch: 18-----------Training Loss: 0.15672 -------- Testing Loss: 1.54100 -------- Training Acc: 1.00000 -------- Testing Acc: 0.69565 -------- Class Acc: 0.70783
confusion_matrix:
0.74194 0.10323 0.08387 0.07097
0.27794 0.57880 0.04298 0.10029
0.20000 0.04889 0.73333 0.01778
0.14545 0.06818 0.00909 0.77727
Epoch: 19-----------Training Loss: 0.18198 -------- Testing Loss: 1.27364 -------- Training Acc: 1.00000 -------- Testing Acc: 0.69837 -------- Class Acc: 0.69878
confusion_matrix:
0.65161 0.23871 0.03871 0.07097
0.16332 0.73066 0.02006 0.08596
0.18667 0.12889 0.63556 0.04889
0.11364 0.10455 0.00455 0.77727
Epoch: 20-----------Training Loss: 0.14961 -------- Testing Loss: 1.32333 -------- Training Acc: 1.00000 -------- Testing Acc: 0.69475 -------- Class Acc: 0.70130
confusion_matrix:
0.65806 0.20645 0.05484 0.08065
0.18911 0.67622 0.02292 0.11175
0.16889 0.11556 0.68000 0.03556
0.11818 0.08182 0.00909 0.79091
Epoch: 21-----------Training Loss: 0.13378 -------- Testing Loss: 1.36365 -------- Training Acc: 1.00000 -------- Testing Acc: 0.72373 -------- Class Acc: 0.73799
confusion_matrix:
0.66774 0.17419 0.08710 0.07097
0.18911 0.66189 0.04871 0.10029
0.09778 0.07111 0.81778 0.01333
0.10909 0.07273 0.01364 0.80455
Epoch: 22-----------Training Loss: 0.09731 -------- Testing Loss: 1.42165 -------- Training Acc: 1.00000 -------- Testing Acc: 0.71014 -------- Class Acc: 0.71890
confusion_matrix:
0.69032 0.17742 0.04516 0.08710
0.19484 0.66476 0.02292 0.11748
0.18667 0.08444 0.69778 0.03111
0.09545 0.07273 0.00909 0.82273
Epoch: 23-----------Training Loss: 0.10204 -------- Testing Loss: 1.47451 -------- Training Acc: 1.00000 -------- Testing Acc: 0.71014 -------- Class Acc: 0.71758
confusion_matrix:
0.71290 0.16129 0.04194 0.08387
0.19484 0.65903 0.02579 0.12034
0.19556 0.09333 0.67111 0.04000
0.09091 0.07727 0.00455 0.82727
Epoch: 24-----------Training Loss: 0.09401 -------- Testing Loss: 1.54033 -------- Training Acc: 1.00000 -------- Testing Acc: 0.68297 -------- Class Acc: 0.68824
confusion_matrix:
0.57419 0.27419 0.04839 0.10323
0.12321 0.72493 0.01719 0.13467
0.16444 0.14667 0.63111 0.05778
0.07727 0.09545 0.00455 0.82273
Epoch: 25-----------Training Loss: 0.10342 -------- Testing Loss: 1.55074 -------- Training Acc: 1.00000 -------- Testing Acc: 0.67844 -------- Class Acc: 0.68327
confusion_matrix:
0.56774 0.30000 0.04194 0.09032
0.12894 0.72493 0.01433 0.13181
0.15111 0.17778 0.62222 0.04889
0.08182 0.09545 0.00455 0.81818
Epoch: 26-----------Training Loss: 0.10608 -------- Testing Loss: 1.47863 -------- Training Acc: 1.00000 -------- Testing Acc: 0.69565 -------- Class Acc: 0.70508
confusion_matrix:
0.56452 0.26452 0.06452 0.10645
0.12894 0.72206 0.02865 0.12034
0.09778 0.13333 0.71556 0.05333
0.08636 0.08636 0.00909 0.81818
Epoch: 27-----------Training Loss: 0.08207 -------- Testing Loss: 1.47092 -------- Training Acc: 1.00000 -------- Testing Acc: 0.69384 -------- Class Acc: 0.70641
confusion_matrix:
0.53548 0.28387 0.07742 0.10323
0.13181 0.71633 0.03438 0.11748
0.09333 0.10667 0.75111 0.04889
0.06818 0.10000 0.00909 0.82273
Epoch: 28-----------Training Loss: 0.08795 -------- Testing Loss: 1.51950 -------- Training Acc: 1.00000 -------- Testing Acc: 0.68841 -------- Class Acc: 0.68406
confusion_matrix:
0.61290 0.28387 0.04194 0.06129
0.14040 0.77364 0.02006 0.06590
0.20000 0.16444 0.61333 0.02222
0.09545 0.16364 0.00455 0.73636
Epoch: 29-----------Training Loss: 0.08954 -------- Testing Loss: 1.48805 -------- Training Acc: 1.00000 -------- Testing Acc: 0.70562 -------- Class Acc: 0.71074
confusion_matrix:
0.60000 0.25161 0.05806 0.09032
0.13181 0.74499 0.02292 0.10029
0.14222 0.12444 0.68889 0.04444
0.07727 0.10455 0.00909 0.80909
Epoch: 30-----------Training Loss: 0.06853 -------- Testing Loss: 1.53843 -------- Training Acc: 1.00000 -------- Testing Acc: 0.68841 -------- Class Acc: 0.69463
confusion_matrix:
0.58387 0.25806 0.06129 0.09677
0.13754 0.71920 0.02579 0.11748
0.16889 0.09778 0.68000 0.05333
0.09091 0.10455 0.00909 0.79545
Epoch: 31-----------Training Loss: 0.06285 -------- Testing Loss: 1.62652 -------- Training Acc: 1.00000 -------- Testing Acc: 0.68931 -------- Class Acc: 0.69006
confusion_matrix:
0.63226 0.23226 0.03871 0.09677
0.14327 0.72779 0.02292 0.10602
0.19556 0.15556 0.59111 0.05778
0.08636 0.10000 0.00455 0.80909
Epoch: 32-----------Training Loss: 0.08059 -------- Testing Loss: 1.61878 -------- Training Acc: 1.00000 -------- Testing Acc: 0.68478 -------- Class Acc: 0.68357
confusion_matrix:
0.64194 0.23226 0.03871 0.08710
0.14900 0.72779 0.01433 0.10888
0.20889 0.16000 0.56000 0.07111
0.09545 0.09545 0.00455 0.80455
Epoch: 33-----------Training Loss: 0.06857 -------- Testing Loss: 1.62984 -------- Training Acc: 1.00000 -------- Testing Acc: 0.70562 -------- Class Acc: 0.71142
confusion_matrix:
0.68065 0.17742 0.05484 0.08710
0.17479 0.68481 0.02006 0.12034
0.17333 0.10222 0.67111 0.05333
0.08636 0.09545 0.00909 0.80909
Epoch: 34-----------Training Loss: 0.05205 -------- Testing Loss: 1.63285 -------- Training Acc: 1.00000 -------- Testing Acc: 0.68931 -------- Class Acc: 0.69695
confusion_matrix:
0.59355 0.24516 0.05806 0.10323
0.14040 0.70487 0.01719 0.13754
0.14667 0.12889 0.66667 0.05778
0.07273 0.10000 0.00455 0.82273
Epoch: 35-----------Training Loss: 0.06621 -------- Testing Loss: 1.73216 -------- Training Acc: 1.00000 -------- Testing Acc: 0.67210 -------- Class Acc: 0.67927
confusion_matrix:
0.52903 0.29355 0.06129 0.11613
0.12034 0.72493 0.01719 0.13754
0.09333 0.19111 0.62222 0.09333
0.06364 0.09091 0.00455 0.84091
Epoch: 36-----------Training Loss: 0.06106 -------- Testing Loss: 1.79907 -------- Training Acc: 1.00000 -------- Testing Acc: 0.68478 -------- Class Acc: 0.69041
confusion_matrix:
0.69677 0.18710 0.02581 0.09032
0.18338 0.64183 0.01719 0.15759
0.24889 0.09778 0.58667 0.06667
0.08182 0.07727 0.00455 0.83636
Epoch: 37-----------Training Loss: 0.07693 -------- Testing Loss: 1.84822 -------- Training Acc: 1.00000 -------- Testing Acc: 0.68750 -------- Class Acc: 0.69571
confusion_matrix:
0.74516 0.12258 0.05161 0.08065
0.24069 0.59312 0.02292 0.14327
0.23111 0.08444 0.64000 0.04444
0.11818 0.07273 0.00455 0.80455
Epoch: 38-----------Training Loss: 0.09657 -------- Testing Loss: 1.48491 -------- Training Acc: 1.00000 -------- Testing Acc: 0.70743 -------- Class Acc: 0.70978
confusion_matrix:
0.67419 0.20968 0.03871 0.07742
0.15759 0.71633 0.02006 0.10602
0.20000 0.10667 0.66222 0.03111
0.10000 0.10455 0.00909 0.78636
Epoch: 39-----------Training Loss: 0.07571 -------- Testing Loss: 1.81931 -------- Training Acc: 1.00000 -------- Testing Acc: 0.68025 -------- Class Acc: 0.68203
confusion_matrix:
0.70968 0.16452 0.02903 0.09677
0.18338 0.65330 0.01433 0.14900
0.24444 0.15111 0.53333 0.07111
0.09545 0.06818 0.00455 0.83182
Epoch: 40-----------Training Loss: 0.06541 -------- Testing Loss: 1.80011 -------- Training Acc: 1.00000 -------- Testing Acc: 0.68841 -------- Class Acc: 0.68942
confusion_matrix:
0.66129 0.20000 0.04516 0.09355
0.14613 0.70487 0.01719 0.13181
0.20444 0.14222 0.57333 0.08000
0.08182 0.09545 0.00455 0.81818
Epoch: 41-----------Training Loss: 0.06805 -------- Testing Loss: 1.83640 -------- Training Acc: 1.00000 -------- Testing Acc: 0.66304 -------- Class Acc: 0.65853
confusion_matrix:
0.55484 0.34194 0.03226 0.07097
0.12894 0.77364 0.01433 0.08309
0.15111 0.24000 0.55111 0.05778
0.08636 0.15455 0.00455 0.75455
Epoch: 42-----------Training Loss: 0.09113 -------- Testing Loss: 1.56969 -------- Training Acc: 1.00000 -------- Testing Acc: 0.69928 -------- Class Acc: 0.69847
confusion_matrix:
0.60645 0.27419 0.04516 0.07419
0.13467 0.77077 0.02006 0.07450
0.14222 0.16000 0.66667 0.03111
0.09545 0.15000 0.00455 0.75000
Epoch: 43-----------Training Loss: 0.10907 -------- Testing Loss: 1.53773 -------- Training Acc: 1.00000 -------- Testing Acc: 0.69384 -------- Class Acc: 0.69899
confusion_matrix:
0.57097 0.27742 0.07419 0.07742
0.14900 0.74499 0.02006 0.08596
0.14222 0.13333 0.68000 0.04444
0.07727 0.10909 0.01364 0.80000
Epoch: 44-----------Training Loss: 0.11320 -------- Testing Loss: 1.52930 -------- Training Acc: 1.00000 -------- Testing Acc: 0.71286 -------- Class Acc: 0.71591
confusion_matrix:
0.58387 0.26129 0.10645 0.04839
0.12894 0.77937 0.03438 0.05731
0.08000 0.11556 0.78222 0.02222
0.10000 0.16818 0.01364 0.71818
Epoch: 45-----------Training Loss: 0.09880 -------- Testing Loss: 1.62482 -------- Training Acc: 1.00000 -------- Testing Acc: 0.70380 -------- Class Acc: 0.70899
confusion_matrix:
0.56774 0.27419 0.10645 0.05161
0.14040 0.75931 0.04011 0.06017
0.07556 0.10667 0.80889 0.00889
0.10909 0.17273 0.01818 0.70000
Epoch: 46-----------Training Loss: 0.07644 -------- Testing Loss: 1.54566 -------- Training Acc: 0.99977 -------- Testing Acc: 0.71377 -------- Class Acc: 0.71618
confusion_matrix:
0.67742 0.20323 0.05806 0.06129
0.17192 0.72206 0.02579 0.08023
0.14222 0.10667 0.72889 0.02222
0.10909 0.14545 0.00909 0.73636
Epoch: 47-----------Training Loss: 0.03472 -------- Testing Loss: 1.58307 -------- Training Acc: 1.00000 -------- Testing Acc: 0.71558 -------- Class Acc: 0.72164
confusion_matrix:
0.63226 0.21290 0.07419 0.08065
0.16046 0.73066 0.02579 0.08309
0.11556 0.10667 0.76000 0.01778
0.09545 0.13182 0.00909 0.76364
Epoch: 48-----------Training Loss: 0.02186 -------- Testing Loss: 1.79932 -------- Training Acc: 1.00000 -------- Testing Acc: 0.69656 -------- Class Acc: 0.70524
confusion_matrix:
0.71290 0.15806 0.05806 0.07097
0.22350 0.62464 0.03725 0.11461
0.19111 0.06222 0.72889 0.01778
0.13182 0.10455 0.00909 0.75455
Epoch: 49-----------Training Loss: 0.02519 -------- Testing Loss: 1.74481 -------- Training Acc: 1.00000 -------- Testing Acc: 0.69928 -------- Class Acc: 0.70417
confusion_matrix:
0.70000 0.18387 0.05161 0.06452
0.20630 0.66476 0.03438 0.09456
0.20000 0.06222 0.71556 0.02222
0.12727 0.12727 0.00909 0.73636
Epoch: 50-----------Training Loss: 0.02109 -------- Testing Loss: 2.03900 -------- Training Acc: 1.00000 -------- Testing Acc: 0.68841 -------- Class Acc: 0.68636
confusion_matrix:
0.78710 0.12258 0.03548 0.05484
0.25215 0.63610 0.02579 0.08596
0.29333 0.06667 0.62222 0.01778
0.15909 0.13636 0.00455 0.70000
Best Accuracy:0.72373
Average Top 10 Accuracy:0.71576
Best Class Accuracy:0.73799
Average Top 10 Class Accuracy:0.72369
============================= model ends ===================================

============ model starts, fold 2 ===========
model_parameters: 3732296
model:model8;batch_size:128;out_channels:[64, 16];kernel_size_cnn:[[4, 2], [2, 4]];weight:tensor([0.5000], device='cuda:0');lr:0.001
Epoch: 1-----------Training Loss: 1.14491 -------- Testing Loss: 1.23380 -------- Training Acc: 0.50610 -------- Testing Acc: 0.51993 -------- Class Acc: 0.52367
confusion_matrix:
0.57716 0.16358 0.11728 0.14198
0.22973 0.41622 0.04054 0.31351
0.37097 0.17204 0.36022 0.09677
0.05804 0.18750 0.01339 0.74107
Epoch: 2-----------Training Loss: 1.00204 -------- Testing Loss: 1.05519 -------- Training Acc: 0.58883 -------- Testing Acc: 0.55707 -------- Class Acc: 0.55568
confusion_matrix:
0.73148 0.09568 0.04321 0.12963
0.34324 0.38649 0.00811 0.26216
0.46237 0.14516 0.32796 0.06452
0.12946 0.09375 0.00000 0.77679
Epoch: 3-----------Training Loss: 0.90934 -------- Testing Loss: 1.13877 -------- Training Acc: 0.64919 -------- Testing Acc: 0.54348 -------- Class Acc: 0.54525
confusion_matrix:
0.81173 0.03086 0.00617 0.15123
0.41351 0.26757 0.00270 0.31622
0.62366 0.05376 0.23118 0.09140
0.11607 0.01339 0.00000 0.87054
Epoch: 4-----------Training Loss: 0.81372 -------- Testing Loss: 1.18350 -------- Training Acc: 0.69756 -------- Testing Acc: 0.53533 -------- Class Acc: 0.53206
confusion_matrix:
0.83025 0.04630 0.00926 0.11420
0.47838 0.27838 0.01351 0.22973
0.63978 0.04839 0.24731 0.06452
0.16518 0.06250 0.00000 0.77232
Epoch: 5-----------Training Loss: 0.71189 -------- Testing Loss: 1.30066 -------- Training Acc: 0.76537 -------- Testing Acc: 0.57246 -------- Class Acc: 0.59849
confusion_matrix:
0.76235 0.03704 0.10185 0.09877
0.35676 0.29459 0.14054 0.20811
0.30108 0.03763 0.61828 0.04301
0.19643 0.07589 0.00893 0.71875
Epoch: 6-----------Training Loss: 0.60852 -------- Testing Loss: 1.17299 -------- Training Acc: 0.82346 -------- Testing Acc: 0.59601 -------- Class Acc: 0.60807
confusion_matrix:
0.49383 0.22840 0.18827 0.08951
0.11622 0.62162 0.12703 0.13514
0.08602 0.19892 0.70968 0.00538
0.16071 0.21875 0.01339 0.60714
Epoch: 7-----------Training Loss: 0.52122 -------- Testing Loss: 1.75613 -------- Training Acc: 0.87432 -------- Testing Acc: 0.55072 -------- Class Acc: 0.57800
confusion_matrix:
0.57716 0.12037 0.03395 0.26852
0.13784 0.33243 0.02162 0.50811
0.19892 0.11290 0.42473 0.26344
0.02232 0.00000 0.00000 0.97768
Epoch: 8-----------Training Loss: 0.45314 -------- Testing Loss: 1.53073 -------- Training Acc: 0.90732 -------- Testing Acc: 0.57609 -------- Class Acc: 0.60757
confusion_matrix:
0.46914 0.22840 0.15123 0.15123
0.16486 0.48108 0.09459 0.25946
0.11290 0.12903 0.67204 0.08602
0.12500 0.05357 0.01339 0.80804
Epoch: 9-----------Training Loss: 0.40527 -------- Testing Loss: 1.54816 -------- Training Acc: 0.93151 -------- Testing Acc: 0.58605 -------- Class Acc: 0.62890
confusion_matrix:
0.62037 0.08642 0.19136 0.10185
0.25135 0.35135 0.22973 0.16757
0.15591 0.02151 0.78495 0.03763
0.14286 0.06250 0.03571 0.75893
Epoch: 10-----------Training Loss: 0.36143 -------- Testing Loss: 2.54296 -------- Training Acc: 0.95253 -------- Testing Acc: 0.46558 -------- Class Acc: 0.48295
confusion_matrix:
0.84877 0.00926 0.10185 0.04012
0.66486 0.10270 0.10270 0.12973
0.49462 0.01075 0.48925 0.00538
0.49554 0.00893 0.00446 0.49107
Epoch: 11-----------Training Loss: 0.34957 -------- Testing Loss: 1.37644 -------- Training Acc: 0.96542 -------- Testing Acc: 0.62681 -------- Class Acc: 0.62184
confusion_matrix:
0.63272 0.16358 0.13889 0.06481
0.16757 0.65946 0.13243 0.04054
0.13978 0.19355 0.65054 0.01613
0.09375 0.34375 0.01786 0.54464
Epoch: 12-----------Training Loss: 0.32354 -------- Testing Loss: 1.36664 -------- Training Acc: 0.98146 -------- Testing Acc: 0.65036 -------- Class Acc: 0.65829
confusion_matrix:
0.52160 0.20988 0.10185 0.16667
0.09189 0.66757 0.04865 0.19189
0.07527 0.27957 0.56452 0.08065
0.04464 0.07589 0.00000 0.87946
Epoch: 13-----------Training Loss: 0.22811 -------- Testing Loss: 1.71716 -------- Training Acc: 0.99073 -------- Testing Acc: 0.61685 -------- Class Acc: 0.59664
confusion_matrix:
0.79938 0.08951 0.01543 0.09568
0.33514 0.53784 0.00541 0.12162
0.39785 0.20968 0.31720 0.07527
0.13839 0.12946 0.00000 0.73214
Epoch: 14-----------Training Loss: 0.20096 -------- Testing Loss: 1.56574 -------- Training Acc: 0.99593 -------- Testing Acc: 0.64674 -------- Class Acc: 0.66105
confusion_matrix:
0.76235 0.09568 0.06790 0.07407
0.32973 0.49189 0.08919 0.08919
0.16129 0.12366 0.69355 0.02151
0.20536 0.08929 0.00893 0.69643
Epoch: 15-----------Training Loss: 0.22056 -------- Testing Loss: 1.27177 -------- Training Acc: 0.99774 -------- Testing Acc: 0.66757 -------- Class Acc: 0.65968
confusion_matrix:
0.67284 0.18210 0.04938 0.09568
0.18378 0.67297 0.03784 0.10541
0.19355 0.23656 0.51613 0.05376
0.09375 0.12946 0.00000 0.77679
Epoch: 16-----------Training Loss: 0.19816 -------- Testing Loss: 1.35646 -------- Training Acc: 0.99864 -------- Testing Acc: 0.67482 -------- Class Acc: 0.66397
confusion_matrix:
0.63580 0.19444 0.06790 0.10185
0.12703 0.73243 0.04865 0.09189
0.13978 0.27419 0.53763 0.04839
0.07143 0.17857 0.00000 0.75000
Epoch: 17-----------Training Loss: 0.17771 -------- Testing Loss: 1.32816 -------- Training Acc: 1.00000 -------- Testing Acc: 0.68569 -------- Class Acc: 0.67755
confusion_matrix:
0.63272 0.18827 0.07407 0.10494
0.12432 0.74595 0.05676 0.07297
0.11290 0.25806 0.58602 0.04301
0.07143 0.18304 0.00000 0.74554
Epoch: 18-----------Training Loss: 0.16042 -------- Testing Loss: 1.39467 -------- Training Acc: 0.99977 -------- Testing Acc: 0.68659 -------- Class Acc: 0.68365
confusion_matrix:
0.66975 0.16049 0.08333 0.08642
0.14324 0.70541 0.07297 0.07838
0.12366 0.19892 0.64516 0.03226
0.10268 0.17857 0.00446 0.71429
Epoch: 19-----------Training Loss: 0.13994 -------- Testing Loss: 1.47876 -------- Training Acc: 1.00000 -------- Testing Acc: 0.67120 -------- Class Acc: 0.67702
confusion_matrix:
0.62037 0.17593 0.09877 0.10494
0.12432 0.66486 0.09189 0.11892
0.09140 0.21505 0.65054 0.04301
0.06250 0.15625 0.00893 0.77232
Epoch: 20-----------Training Loss: 0.11633 -------- Testing Loss: 1.55364 -------- Training Acc: 1.00000 -------- Testing Acc: 0.67029 -------- Class Acc: 0.68169
confusion_matrix:
0.58642 0.19136 0.10185 0.12037
0.11892 0.65405 0.08108 0.14595
0.08065 0.20430 0.65591 0.05914
0.04911 0.11607 0.00446 0.83036
Epoch: 21-----------Training Loss: 0.10710 -------- Testing Loss: 1.60750 -------- Training Acc: 1.00000 -------- Testing Acc: 0.67754 -------- Class Acc: 0.68907
confusion_matrix:
0.67593 0.11728 0.12037 0.08642
0.16216 0.61622 0.11622 0.10541
0.09677 0.15054 0.70968 0.04301
0.08036 0.14732 0.01786 0.75446
Epoch: 22-----------Training Loss: 0.12124 -------- Testing Loss: 1.51038 -------- Training Acc: 1.00000 -------- Testing Acc: 0.68025 -------- Class Acc: 0.68108
confusion_matrix:
0.63272 0.18210 0.09568 0.08951
0.13514 0.70000 0.08108 0.08378
0.10215 0.20968 0.65054 0.03763
0.08482 0.16071 0.01339 0.74107
Epoch: 23-----------Training Loss: 0.13170 -------- Testing Loss: 1.56087 -------- Training Acc: 1.00000 -------- Testing Acc: 0.67844 -------- Class Acc: 0.68916
confusion_matrix:
0.70062 0.11420 0.08025 0.10494
0.20000 0.60000 0.08919 0.11081
0.11828 0.15054 0.68817 0.04301
0.08036 0.14286 0.00893 0.76786
Epoch: 24-----------Training Loss: 0.14686 -------- Testing Loss: 1.46846 -------- Training Acc: 1.00000 -------- Testing Acc: 0.68750 -------- Class Acc: 0.68919
confusion_matrix:
0.66358 0.15741 0.08951 0.08951
0.14865 0.68108 0.07297 0.09730
0.11290 0.19355 0.63978 0.05376
0.07143 0.15179 0.00446 0.77232
Epoch: 25-----------Training Loss: 0.10430 -------- Testing Loss: 1.58105 -------- Training Acc: 1.00000 -------- Testing Acc: 0.67210 -------- Class Acc: 0.68356
confusion_matrix:
0.60185 0.18210 0.11111 0.10494
0.13243 0.65405 0.09459 0.11892
0.08065 0.18817 0.68817 0.04301
0.06250 0.13393 0.01339 0.79018
Epoch: 26-----------Training Loss: 0.11875 -------- Testing Loss: 1.55810 -------- Training Acc: 1.00000 -------- Testing Acc: 0.67391 -------- Class Acc: 0.67956
confusion_matrix:
0.56481 0.22222 0.10802 0.10494
0.10541 0.71351 0.08108 0.10000
0.08602 0.19892 0.67204 0.04301
0.06696 0.16071 0.00446 0.76786
