
============ model starts, fold 0 ===========
model_parameters: 2704296
model:base6;batch_size:128;out_channels:[64, 16];kernel_size_cnn:[[4, 2], [2, 4]];weight:0.5;lr:0.001
Epoch: 1-----------Training Loss: 1.18062 -------- Testing Loss: 1.11045 -------- Training Acc: 0.45321 -------- Testing Acc: 0.52808 -------- Class Acc: 0.55665
confusion_matrix:
0.53125 0.10625 0.21250 0.15000
0.32407 0.26543 0.08642 0.32407
0.19600 0.05600 0.66800 0.08000
0.07619 0.11429 0.04762 0.76190
Epoch: 2-----------Training Loss: 1.06432 -------- Testing Loss: 1.06785 -------- Training Acc: 0.54769 -------- Testing Acc: 0.55344 -------- Class Acc: 0.58589
confusion_matrix:
0.47813 0.11250 0.22812 0.18125
0.23457 0.32716 0.09568 0.34259
0.13600 0.04400 0.72400 0.09600
0.04286 0.08571 0.05714 0.81429
Epoch: 3-----------Training Loss: 1.01755 -------- Testing Loss: 1.05022 -------- Training Acc: 0.58002 -------- Testing Acc: 0.57880 -------- Class Acc: 0.60892
confusion_matrix:
0.55625 0.10312 0.12812 0.21250
0.22222 0.34877 0.04321 0.38580
0.17600 0.07200 0.66400 0.08800
0.06190 0.04762 0.02381 0.86667
Epoch: 4-----------Training Loss: 0.97132 -------- Testing Loss: 0.97935 -------- Training Acc: 0.61392 -------- Testing Acc: 0.61504 -------- Class Acc: 0.63383
confusion_matrix:
0.62500 0.13125 0.07812 0.16562
0.20062 0.45679 0.03704 0.30556
0.18800 0.09200 0.64400 0.07600
0.05714 0.10476 0.02857 0.80952
Epoch: 5-----------Training Loss: 0.91478 -------- Testing Loss: 0.94733 -------- Training Acc: 0.65167 -------- Testing Acc: 0.63134 -------- Class Acc: 0.64578
confusion_matrix:
0.66250 0.13750 0.06875 0.13125
0.23765 0.48765 0.02778 0.24691
0.19600 0.11600 0.65200 0.03600
0.08571 0.11429 0.01905 0.78095
Epoch: 6-----------Training Loss: 0.87288 -------- Testing Loss: 0.94342 -------- Training Acc: 0.67902 -------- Testing Acc: 0.63315 -------- Class Acc: 0.64163
confusion_matrix:
0.65625 0.16562 0.04063 0.13750
0.17593 0.57407 0.01543 0.23457
0.25200 0.14400 0.56000 0.04400
0.07143 0.14762 0.00476 0.77619
Epoch: 7-----------Training Loss: 0.83809 -------- Testing Loss: 0.95199 -------- Training Acc: 0.69982 -------- Testing Acc: 0.63949 -------- Class Acc: 0.66227
confusion_matrix:
0.53750 0.15625 0.17813 0.12812
0.16049 0.51235 0.08333 0.24383
0.04800 0.10400 0.80400 0.04400
0.06667 0.09524 0.04286 0.79524
Epoch: 8-----------Training Loss: 0.79853 -------- Testing Loss: 0.98051 -------- Training Acc: 0.72107 -------- Testing Acc: 0.63315 -------- Class Acc: 0.65452
confusion_matrix:
0.62813 0.12187 0.11875 0.13125
0.23457 0.44444 0.07099 0.25000
0.12000 0.10400 0.73600 0.04000
0.10476 0.06667 0.01905 0.80952
Epoch: 9-----------Training Loss: 0.79096 -------- Testing Loss: 0.93987 -------- Training Acc: 0.72740 -------- Testing Acc: 0.64130 -------- Class Acc: 0.65740
confusion_matrix:
0.64375 0.14062 0.09375 0.12187
0.20062 0.48148 0.06790 0.25000
0.09200 0.11600 0.75200 0.04000
0.12381 0.10952 0.01429 0.75238
Epoch: 10-----------Training Loss: 0.69958 -------- Testing Loss: 0.99468 -------- Training Acc: 0.78368 -------- Testing Acc: 0.64583 -------- Class Acc: 0.66688
confusion_matrix:
0.57812 0.15937 0.11875 0.14375
0.14198 0.52160 0.07407 0.26235
0.06800 0.14000 0.74400 0.04800
0.07619 0.08571 0.01429 0.82381
Epoch: 11-----------Training Loss: 0.68142 -------- Testing Loss: 1.02425 -------- Training Acc: 0.79724 -------- Testing Acc: 0.63225 -------- Class Acc: 0.66042
confusion_matrix:
0.63125 0.08750 0.10938 0.17188
0.22531 0.37654 0.08025 0.31790
0.08800 0.08400 0.77200 0.05600
0.09048 0.03810 0.00952 0.86190
Epoch: 12-----------Training Loss: 0.67551 -------- Testing Loss: 0.98500 -------- Training Acc: 0.80380 -------- Testing Acc: 0.65761 -------- Class Acc: 0.66904
confusion_matrix:
0.64375 0.12187 0.13125 0.10312
0.22222 0.53395 0.08025 0.16358
0.05600 0.11600 0.80800 0.02000
0.14762 0.12381 0.03810 0.69048
Epoch: 13-----------Training Loss: 0.64915 -------- Testing Loss: 0.98005 -------- Training Acc: 0.81216 -------- Testing Acc: 0.67029 -------- Class Acc: 0.67408
confusion_matrix:
0.66250 0.15937 0.08125 0.09688
0.18210 0.62963 0.05864 0.12963
0.11200 0.13200 0.72800 0.02800
0.12381 0.17619 0.02381 0.67619
Epoch: 14-----------Training Loss: 0.60945 -------- Testing Loss: 1.10794 -------- Training Acc: 0.83341 -------- Testing Acc: 0.64040 -------- Class Acc: 0.66855
confusion_matrix:
0.53438 0.15625 0.13125 0.17813
0.12037 0.48765 0.05556 0.33642
0.04400 0.11600 0.77600 0.06400
0.05238 0.04762 0.02381 0.87619
Epoch: 15-----------Training Loss: 0.53748 -------- Testing Loss: 1.19158 -------- Training Acc: 0.86302 -------- Testing Acc: 0.63768 -------- Class Acc: 0.65543
confusion_matrix:
0.72188 0.06875 0.08125 0.12812
0.28086 0.39815 0.08951 0.23148
0.16800 0.07600 0.71600 0.04000
0.12857 0.06190 0.02381 0.78571
Epoch: 16-----------Training Loss: 0.47023 -------- Testing Loss: 1.24838 -------- Training Acc: 0.89399 -------- Testing Acc: 0.61957 -------- Class Acc: 0.63610
confusion_matrix:
0.74062 0.06563 0.07187 0.12187
0.33333 0.34568 0.08951 0.23148
0.18400 0.05600 0.72000 0.04000
0.18571 0.05238 0.02381 0.73810
Epoch: 17-----------Training Loss: 0.45554 -------- Testing Loss: 1.27869 -------- Training Acc: 0.89873 -------- Testing Acc: 0.62319 -------- Class Acc: 0.64757
confusion_matrix:
0.64375 0.08750 0.14688 0.12187
0.23457 0.36728 0.17284 0.22531
0.11200 0.06800 0.78400 0.03600
0.10952 0.03333 0.06190 0.79524
Epoch: 18-----------Training Loss: 0.43978 -------- Testing Loss: 1.15101 -------- Training Acc: 0.91094 -------- Testing Acc: 0.65580 -------- Class Acc: 0.67722
confusion_matrix:
0.62187 0.14062 0.08125 0.15625
0.14815 0.49691 0.08642 0.26852
0.08000 0.12000 0.75200 0.04800
0.08095 0.05714 0.02381 0.83810
Epoch: 19-----------Training Loss: 0.39824 -------- Testing Loss: 1.23510 -------- Training Acc: 0.92089 -------- Testing Acc: 0.66576 -------- Class Acc: 0.68300
confusion_matrix:
0.61875 0.15625 0.07187 0.15313
0.14506 0.56790 0.04938 0.23765
0.09600 0.14000 0.71200 0.05200
0.08571 0.07143 0.00952 0.83333
Epoch: 20-----------Training Loss: 0.37818 -------- Testing Loss: 1.27283 -------- Training Acc: 0.93038 -------- Testing Acc: 0.63406 -------- Class Acc: 0.64770
confusion_matrix:
0.59688 0.20938 0.02500 0.16875
0.11728 0.60802 0.00926 0.26543
0.16800 0.23600 0.52400 0.07200
0.07143 0.06667 0.00000 0.86190
Epoch: 21-----------Training Loss: 0.41635 -------- Testing Loss: 1.28057 -------- Training Acc: 0.92179 -------- Testing Acc: 0.62953 -------- Class Acc: 0.64379
confusion_matrix:
0.55625 0.25312 0.02500 0.16562
0.12037 0.62654 0.01543 0.23765
0.14800 0.24000 0.54000 0.07200
0.06190 0.08095 0.00476 0.85238
Epoch: 22-----------Training Loss: 0.33436 -------- Testing Loss: 1.37378 -------- Training Acc: 0.94665 -------- Testing Acc: 0.62409 -------- Class Acc: 0.63731
confusion_matrix:
0.58437 0.23125 0.03125 0.15313
0.14815 0.59877 0.00617 0.24691
0.15600 0.24400 0.52800 0.07200
0.07143 0.09048 0.00000 0.83810
Epoch: 23-----------Training Loss: 0.30118 -------- Testing Loss: 1.37885 -------- Training Acc: 0.94892 -------- Testing Acc: 0.64402 -------- Class Acc: 0.66162
confusion_matrix:
0.66875 0.12812 0.05000 0.15313
0.22531 0.47222 0.05556 0.24691
0.13200 0.12800 0.69600 0.04400
0.12857 0.06190 0.00000 0.80952
Epoch: 24-----------Training Loss: 0.30804 -------- Testing Loss: 1.23756 -------- Training Acc: 0.95344 -------- Testing Acc: 0.66123 -------- Class Acc: 0.67953
confusion_matrix:
0.58437 0.17813 0.11563 0.12187
0.15741 0.57716 0.08333 0.18210
0.08800 0.14400 0.72800 0.04000
0.05238 0.08571 0.03333 0.82857
Epoch: 25-----------Training Loss: 0.28494 -------- Testing Loss: 1.48275 -------- Training Acc: 0.95050 -------- Testing Acc: 0.62681 -------- Class Acc: 0.65035
confusion_matrix:
0.63125 0.15000 0.03438 0.18438
0.15741 0.45988 0.01852 0.36420
0.15600 0.14400 0.59600 0.10400
0.05714 0.02857 0.00000 0.91429
Epoch: 26-----------Training Loss: 0.23496 -------- Testing Loss: 1.71211 -------- Training Acc: 0.96044 -------- Testing Acc: 0.59692 -------- Class Acc: 0.62167
confusion_matrix:
0.61250 0.14688 0.01562 0.22500
0.18519 0.43210 0.00617 0.37654
0.19600 0.18400 0.50400 0.11600
0.03810 0.01905 0.00476 0.93810
Epoch: 27-----------Training Loss: 0.24159 -------- Testing Loss: 1.48396 -------- Training Acc: 0.95705 -------- Testing Acc: 0.65127 -------- Class Acc: 0.66632
confusion_matrix:
0.58437 0.22187 0.02813 0.16562
0.13580 0.61728 0.00926 0.23765
0.14800 0.18800 0.61600 0.04800
0.09524 0.05714 0.00000 0.84762
Epoch: 28-----------Training Loss: 0.27557 -------- Testing Loss: 1.44284 -------- Training Acc: 0.95321 -------- Testing Acc: 0.64674 -------- Class Acc: 0.66214
confusion_matrix:
0.50625 0.28437 0.05000 0.15937
0.10185 0.66975 0.03395 0.19444
0.10000 0.20800 0.64400 0.04800
0.06190 0.09524 0.01429 0.82857
Epoch: 29-----------Training Loss: 0.22202 -------- Testing Loss: 1.55968 -------- Training Acc: 0.97333 -------- Testing Acc: 0.65399 -------- Class Acc: 0.66811
confusion_matrix:
0.57500 0.20000 0.08438 0.14062
0.13889 0.61420 0.05864 0.18827
0.10400 0.16400 0.68800 0.04400
0.05238 0.12381 0.02857 0.79524
Epoch: 30-----------Training Loss: 0.22295 -------- Testing Loss: 1.55650 -------- Training Acc: 0.97107 -------- Testing Acc: 0.62953 -------- Class Acc: 0.64285
confusion_matrix:
0.66875 0.15000 0.01562 0.16562
0.23765 0.52778 0.00617 0.22840
0.22400 0.17200 0.53200 0.07200
0.08095 0.07143 0.00476 0.84286
Epoch: 31-----------Training Loss: 0.18435 -------- Testing Loss: 1.63959 -------- Training Acc: 0.97920 -------- Testing Acc: 0.62138 -------- Class Acc: 0.63639
confusion_matrix:
0.64062 0.17500 0.01562 0.16875
0.17284 0.52778 0.01235 0.28704
0.20400 0.18800 0.52000 0.08800
0.08571 0.05238 0.00476 0.85714
Epoch: 32-----------Training Loss: 0.20088 -------- Testing Loss: 1.62224 -------- Training Acc: 0.97898 -------- Testing Acc: 0.64674 -------- Class Acc: 0.66226
confusion_matrix:
0.64375 0.17813 0.02187 0.15625
0.18827 0.55864 0.01235 0.24074
0.14000 0.21200 0.58000 0.06800
0.07143 0.05714 0.00476 0.86667
Epoch: 33-----------Training Loss: 0.24659 -------- Testing Loss: 1.44661 -------- Training Acc: 0.97129 -------- Testing Acc: 0.64221 -------- Class Acc: 0.66484
confusion_matrix:
0.64375 0.11875 0.09375 0.14375
0.28704 0.42284 0.08333 0.20679
0.09200 0.07600 0.78800 0.04400
0.13810 0.03810 0.01905 0.80476
Epoch: 34-----------Training Loss: 0.18313 -------- Testing Loss: 1.56452 -------- Training Acc: 0.98192 -------- Testing Acc: 0.65580 -------- Class Acc: 0.67313
confusion_matrix:
0.67812 0.10312 0.08125 0.13750
0.26852 0.47840 0.07407 0.17901
0.12400 0.09600 0.73600 0.04400
0.10952 0.07143 0.01905 0.80000
Epoch: 35-----------Training Loss: 0.15670 -------- Testing Loss: 1.57109 -------- Training Acc: 0.98689 -------- Testing Acc: 0.63768 -------- Class Acc: 0.65593
confusion_matrix:
0.72188 0.07812 0.06563 0.13437
0.32407 0.38889 0.09259 0.19444
0.14000 0.06800 0.73200 0.06000
0.13333 0.06190 0.02381 0.78095
Epoch: 36-----------Training Loss: 0.15163 -------- Testing Loss: 1.68023 -------- Training Acc: 0.98124 -------- Testing Acc: 0.64674 -------- Class Acc: 0.67301
confusion_matrix:
0.67188 0.08125 0.07187 0.17500
0.25926 0.39198 0.10802 0.24074
0.10400 0.06800 0.75200 0.07600
0.07619 0.03333 0.01429 0.87619
Epoch: 37-----------Training Loss: 0.15007 -------- Testing Loss: 1.49911 -------- Training Acc: 0.98101 -------- Testing Acc: 0.67210 -------- Class Acc: 0.68072
confusion_matrix:
0.62500 0.15937 0.08750 0.12812
0.17593 0.62037 0.07407 0.12963
0.07200 0.13200 0.76800 0.02800
0.11429 0.15714 0.01905 0.70952
Epoch: 38-----------Training Loss: 0.12854 -------- Testing Loss: 1.59418 -------- Training Acc: 0.98327 -------- Testing Acc: 0.65399 -------- Class Acc: 0.66807
confusion_matrix:
0.39062 0.35938 0.10000 0.15000
0.04630 0.78395 0.04012 0.12963
0.02800 0.22800 0.71200 0.03200
0.04762 0.16190 0.00476 0.78571
Epoch: 39-----------Training Loss: 0.09296 -------- Testing Loss: 1.65751 -------- Training Acc: 0.99186 -------- Testing Acc: 0.66123 -------- Class Acc: 0.67345
confusion_matrix:
0.45312 0.29063 0.11563 0.14062
0.08333 0.75000 0.04938 0.11728
0.04400 0.20400 0.72400 0.02800
0.05238 0.17143 0.00952 0.76667
Epoch: 40-----------Training Loss: 0.08232 -------- Testing Loss: 1.74146 -------- Training Acc: 0.99458 -------- Testing Acc: 0.66304 -------- Class Acc: 0.66456
confusion_matrix:
0.57812 0.23750 0.08125 0.10312
0.14815 0.70679 0.06790 0.07716
0.07600 0.16000 0.74000 0.02400
0.10000 0.24762 0.01905 0.63333
Epoch: 41-----------Training Loss: 0.12378 -------- Testing Loss: 1.57323 -------- Training Acc: 0.98983 -------- Testing Acc: 0.67663 -------- Class Acc: 0.68018
confusion_matrix:
0.61875 0.20312 0.08125 0.09688
0.16667 0.68827 0.05556 0.08951
0.09200 0.15600 0.72800 0.02400
0.10000 0.20000 0.01429 0.68571
Epoch: 42-----------Training Loss: 0.11606 -------- Testing Loss: 1.73087 -------- Training Acc: 0.99118 -------- Testing Acc: 0.66123 -------- Class Acc: 0.65360
confusion_matrix:
0.57500 0.27813 0.08438 0.06250
0.11728 0.78704 0.04630 0.04938
0.08800 0.20000 0.70000 0.01200
0.10952 0.31429 0.02381 0.55238
Epoch: 43-----------Training Loss: 0.06552 -------- Testing Loss: 1.81435 -------- Training Acc: 0.99525 -------- Testing Acc: 0.66938 -------- Class Acc: 0.66471
confusion_matrix:
0.57812 0.25312 0.08438 0.08438
0.11111 0.78395 0.04321 0.06173
0.09600 0.19600 0.69200 0.01600
0.11905 0.26190 0.01429 0.60476
Epoch: 44-----------Training Loss: 0.04202 -------- Testing Loss: 1.96872 -------- Training Acc: 0.99887 -------- Testing Acc: 0.66848 -------- Class Acc: 0.66751
confusion_matrix:
0.70000 0.16562 0.05625 0.07812
0.19753 0.64815 0.06790 0.08642
0.18000 0.13200 0.66000 0.02800
0.15238 0.16190 0.02381 0.66190
Epoch: 45-----------Training Loss: 0.04042 -------- Testing Loss: 1.87637 -------- Training Acc: 0.99955 -------- Testing Acc: 0.68478 -------- Class Acc: 0.68061
confusion_matrix:
0.62813 0.21875 0.07500 0.07812
0.13272 0.75926 0.05247 0.05556
0.09600 0.17600 0.71600 0.01200
0.11905 0.23810 0.02381 0.61905
Epoch: 46-----------Training Loss: 0.04221 -------- Testing Loss: 1.85306 -------- Training Acc: 0.99977 -------- Testing Acc: 0.68207 -------- Class Acc: 0.68007
confusion_matrix:
0.62500 0.20938 0.07500 0.09062
0.12963 0.74691 0.04938 0.07407
0.10800 0.17200 0.69600 0.02400
0.12381 0.20476 0.01905 0.65238
Epoch: 47-----------Training Loss: 0.03231 -------- Testing Loss: 1.92277 -------- Training Acc: 0.99977 -------- Testing Acc: 0.67210 -------- Class Acc: 0.66822
confusion_matrix:
0.64375 0.20312 0.05937 0.09375
0.14506 0.72531 0.05556 0.07407
0.12800 0.17200 0.68000 0.02000
0.14286 0.21905 0.01429 0.62381
Epoch: 48-----------Training Loss: 0.02471 -------- Testing Loss: 1.98064 -------- Training Acc: 1.00000 -------- Testing Acc: 0.67029 -------- Class Acc: 0.66940
confusion_matrix:
0.63750 0.20625 0.05000 0.10625
0.15123 0.71914 0.04012 0.08951
0.14000 0.19200 0.64000 0.02800
0.11905 0.18571 0.01429 0.68095
Epoch: 49-----------Training Loss: 0.02284 -------- Testing Loss: 2.27282 -------- Training Acc: 1.00000 -------- Testing Acc: 0.67572 -------- Class Acc: 0.67475
confusion_matrix:
0.71250 0.16875 0.01250 0.10625
0.16358 0.68519 0.03086 0.12037
0.19200 0.20400 0.56800 0.03600
0.10952 0.15238 0.00476 0.73333
Epoch: 50-----------Training Loss: 0.06018 -------- Testing Loss: 1.94795 -------- Training Acc: 0.99955 -------- Testing Acc: 0.67572 -------- Class Acc: 0.67617
confusion_matrix:
0.69063 0.15000 0.05000 0.10938
0.17284 0.66358 0.05556 0.10802
0.16000 0.14800 0.66000 0.03200
0.12857 0.17619 0.00476 0.69048
Best Accuracy:0.68478
Average Top 10 Accuracy:0.67899
Best Class Accuracy:0.68300
Average Top 10 Class Accuracy:0.68092
============================= model ends ===================================

============ model starts, fold 1 ===========
model_parameters: 2704296
model:base6;batch_size:128;out_channels:[64, 16];kernel_size_cnn:[[4, 2], [2, 4]];weight:tensor([0.5000], device='cuda:0');lr:0.001
Epoch: 1-----------Training Loss: 1.17606 -------- Testing Loss: 1.15689 -------- Training Acc: 0.45434 -------- Testing Acc: 0.49004 -------- Class Acc: 0.53249
confusion_matrix:
0.40968 0.12258 0.33226 0.13548
0.32951 0.24928 0.10888 0.31232
0.24000 0.02667 0.67556 0.05778
0.09545 0.06818 0.04091 0.79545
Epoch: 2-----------Training Loss: 1.06651 -------- Testing Loss: 1.06110 -------- Training Acc: 0.54905 -------- Testing Acc: 0.55344 -------- Class Acc: 0.58548
confusion_matrix:
0.55806 0.14194 0.15161 0.14839
0.31805 0.32951 0.02865 0.32378
0.28444 0.04889 0.60889 0.05778
0.09091 0.04545 0.01818 0.84545
Epoch: 3-----------Training Loss: 1.01494 -------- Testing Loss: 1.00799 -------- Training Acc: 0.59313 -------- Testing Acc: 0.57971 -------- Class Acc: 0.60035
confusion_matrix:
0.60645 0.18065 0.09355 0.11935
0.28653 0.42120 0.02579 0.26648
0.33778 0.05333 0.55556 0.05333
0.11364 0.06364 0.00455 0.81818
Epoch: 4-----------Training Loss: 0.95436 -------- Testing Loss: 0.99169 -------- Training Acc: 0.63879 -------- Testing Acc: 0.60598 -------- Class Acc: 0.62938
confusion_matrix:
0.58387 0.18710 0.08065 0.14839
0.18911 0.46132 0.04871 0.30086
0.23111 0.08444 0.61778 0.06667
0.09545 0.04545 0.00455 0.85455
Epoch: 5-----------Training Loss: 0.89911 -------- Testing Loss: 0.97372 -------- Training Acc: 0.66998 -------- Testing Acc: 0.61141 -------- Class Acc: 0.63074
confusion_matrix:
0.64839 0.18387 0.03226 0.13548
0.24355 0.45559 0.03725 0.26361
0.30222 0.07556 0.56444 0.05778
0.09545 0.04545 0.00455 0.85455
Epoch: 6-----------Training Loss: 0.85581 -------- Testing Loss: 0.97657 -------- Training Acc: 0.69869 -------- Testing Acc: 0.62319 -------- Class Acc: 0.65584
confusion_matrix:
0.43548 0.24516 0.17419 0.14516
0.12034 0.52436 0.08596 0.26934
0.07556 0.07111 0.80444 0.04889
0.07273 0.05000 0.01818 0.85909
Epoch: 7-----------Training Loss: 0.82562 -------- Testing Loss: 0.94377 -------- Training Acc: 0.71948 -------- Testing Acc: 0.63043 -------- Class Acc: 0.65886
confusion_matrix:
0.53548 0.22903 0.14516 0.09032
0.18625 0.49570 0.11175 0.20630
0.09333 0.06667 0.81333 0.02667
0.09091 0.09091 0.02727 0.79091
Epoch: 8-----------Training Loss: 0.78339 -------- Testing Loss: 0.98511 -------- Training Acc: 0.74571 -------- Testing Acc: 0.61957 -------- Class Acc: 0.64044
confusion_matrix:
0.65806 0.15806 0.05161 0.13226
0.26648 0.44986 0.03725 0.24642
0.22222 0.09333 0.63111 0.05333
0.13636 0.03636 0.00455 0.82273
Epoch: 9-----------Training Loss: 0.72483 -------- Testing Loss: 1.06090 -------- Training Acc: 0.78684 -------- Testing Acc: 0.59964 -------- Class Acc: 0.62906
confusion_matrix:
0.69355 0.10968 0.04516 0.15161
0.30086 0.33238 0.04298 0.32378
0.23556 0.06667 0.62667 0.07111
0.10909 0.02273 0.00455 0.86364
Epoch: 10-----------Training Loss: 0.69709 -------- Testing Loss: 1.03087 -------- Training Acc: 0.80335 -------- Testing Acc: 0.61141 -------- Class Acc: 0.62922
confusion_matrix:
0.75161 0.11613 0.03871 0.09355
0.35530 0.39255 0.03725 0.21490
0.29778 0.06667 0.60000 0.03556
0.17273 0.05000 0.00455 0.77273
Epoch: 11-----------Training Loss: 0.66110 -------- Testing Loss: 1.02017 -------- Training Acc: 0.81849 -------- Testing Acc: 0.64764 -------- Class Acc: 0.66264
confusion_matrix:
0.74194 0.14194 0.03871 0.07742
0.30372 0.47851 0.04011 0.17765
0.21333 0.08000 0.67556 0.03111
0.18636 0.05455 0.00455 0.75455
Epoch: 12-----------Training Loss: 0.65758 -------- Testing Loss: 1.00133 -------- Training Acc: 0.81148 -------- Testing Acc: 0.64764 -------- Class Acc: 0.67759
confusion_matrix:
0.48710 0.26452 0.09677 0.15161
0.10888 0.55014 0.07163 0.26934
0.08444 0.07111 0.78222 0.06222
0.06364 0.03182 0.01364 0.89091
Epoch: 13-----------Training Loss: 0.61177 -------- Testing Loss: 1.01000 -------- Training Acc: 0.83454 -------- Testing Acc: 0.65217 -------- Class Acc: 0.67975
confusion_matrix:
0.52258 0.23226 0.09032 0.15484
0.11461 0.55014 0.06017 0.27507
0.08444 0.09333 0.76444 0.05778
0.06364 0.03636 0.01818 0.88182
Epoch: 14-----------Training Loss: 0.56706 -------- Testing Loss: 1.15910 -------- Training Acc: 0.86189 -------- Testing Acc: 0.61957 -------- Class Acc: 0.65508
confusion_matrix:
0.70000 0.06452 0.09032 0.14516
0.34097 0.31519 0.09742 0.24642
0.15556 0.02222 0.77333 0.04889
0.13636 0.02273 0.00909 0.83182
Epoch: 15-----------Training Loss: 0.55015 -------- Testing Loss: 1.17879 -------- Training Acc: 0.85601 -------- Testing Acc: 0.64402 -------- Class Acc: 0.67417
confusion_matrix:
0.54516 0.16774 0.14839 0.13871
0.16046 0.50143 0.09169 0.24642
0.08444 0.06222 0.79556 0.05778
0.08636 0.04545 0.01364 0.85455
Epoch: 16-----------Training Loss: 0.49958 -------- Testing Loss: 1.14124 -------- Training Acc: 0.88924 -------- Testing Acc: 0.64946 -------- Class Acc: 0.66978
confusion_matrix:
0.59677 0.19355 0.13871 0.07097
0.18052 0.54155 0.10315 0.17479
0.10667 0.06222 0.80444 0.02667
0.14091 0.10455 0.01818 0.73636
Epoch: 17-----------Training Loss: 0.49724 -------- Testing Loss: 1.17341 -------- Training Acc: 0.89693 -------- Testing Acc: 0.66033 -------- Class Acc: 0.67448
confusion_matrix:
0.61935 0.24194 0.03548 0.10323
0.16046 0.59312 0.02579 0.22063
0.16889 0.12444 0.64000 0.06667
0.10455 0.04545 0.00455 0.84545
Epoch: 18-----------Training Loss: 0.47755 -------- Testing Loss: 1.20052 -------- Training Acc: 0.91004 -------- Testing Acc: 0.64493 -------- Class Acc: 0.66635
confusion_matrix:
0.59355 0.19677 0.07419 0.13548
0.18338 0.53295 0.04298 0.24069
0.13333 0.09333 0.68889 0.08444
0.10455 0.04091 0.00455 0.85000
Epoch: 19-----------Training Loss: 0.41231 -------- Testing Loss: 1.36246 -------- Training Acc: 0.93151 -------- Testing Acc: 0.63406 -------- Class Acc: 0.65532
confusion_matrix:
0.48065 0.28065 0.05161 0.18710
0.10029 0.59599 0.02292 0.28080
0.10222 0.15111 0.63556 0.11111
0.03636 0.05000 0.00455 0.90909
Epoch: 20-----------Training Loss: 0.36095 -------- Testing Loss: 1.38421 -------- Training Acc: 0.93739 -------- Testing Acc: 0.63587 -------- Class Acc: 0.64737
confusion_matrix:
0.72258 0.16774 0.03548 0.07419
0.31805 0.49570 0.04298 0.14327
0.22222 0.08444 0.66667 0.02667
0.20909 0.08182 0.00455 0.70455
Epoch: 21-----------Training Loss: 0.34916 -------- Testing Loss: 1.23544 -------- Training Acc: 0.93874 -------- Testing Acc: 0.65399 -------- Class Acc: 0.67174
confusion_matrix:
0.69032 0.17742 0.04839 0.08387
0.27221 0.50430 0.06017 0.16332
0.16444 0.06667 0.73778 0.03111
0.12727 0.11364 0.00455 0.75455
Epoch: 22-----------Training Loss: 0.33007 -------- Testing Loss: 1.41830 -------- Training Acc: 0.94733 -------- Testing Acc: 0.62228 -------- Class Acc: 0.63169
confusion_matrix:
0.71935 0.18065 0.00968 0.09032
0.28367 0.49570 0.01433 0.20630
0.36000 0.10667 0.48444 0.04889
0.12273 0.05000 0.00000 0.82727
Epoch: 23-----------Training Loss: 0.33315 -------- Testing Loss: 1.37837 -------- Training Acc: 0.94869 -------- Testing Acc: 0.65036 -------- Class Acc: 0.66429
confusion_matrix:
0.64839 0.20645 0.07419 0.07097
0.19771 0.55301 0.05444 0.19484
0.12000 0.10667 0.74667 0.02667
0.13182 0.14545 0.01364 0.70909
Epoch: 24-----------Training Loss: 0.34451 -------- Testing Loss: 1.23905 -------- Training Acc: 0.95344 -------- Testing Acc: 0.66123 -------- Class Acc: 0.67829
confusion_matrix:
0.56774 0.25161 0.07742 0.10323
0.16046 0.60745 0.05444 0.17765
0.09778 0.12889 0.72889 0.04444
0.08182 0.10455 0.00455 0.80909
Epoch: 25-----------Training Loss: 0.27905 -------- Testing Loss: 1.35418 -------- Training Acc: 0.96858 -------- Testing Acc: 0.65580 -------- Class Acc: 0.67609
confusion_matrix:
0.64194 0.18387 0.07742 0.09677
0.22636 0.52436 0.06590 0.18338
0.13778 0.11556 0.72444 0.02222
0.11364 0.05909 0.01364 0.81364
Epoch: 26-----------Training Loss: 0.23405 -------- Testing Loss: 1.82424 -------- Training Acc: 0.97333 -------- Testing Acc: 0.61413 -------- Class Acc: 0.62376
confusion_matrix:
0.83548 0.08387 0.02258 0.05806
0.44126 0.39542 0.03152 0.13181
0.32000 0.07556 0.57778 0.02667
0.25000 0.05909 0.00455 0.68636
Epoch: 27-----------Training Loss: 0.24013 -------- Testing Loss: 1.80064 -------- Training Acc: 0.96564 -------- Testing Acc: 0.59330 -------- Class Acc: 0.61607
confusion_matrix:
0.73871 0.09355 0.02581 0.14194
0.36103 0.33811 0.02579 0.27507
0.32000 0.05778 0.55111 0.07111
0.13636 0.02727 0.00000 0.83636
Epoch: 28-----------Training Loss: 0.21507 -------- Testing Loss: 1.80391 -------- Training Acc: 0.97378 -------- Testing Acc: 0.59964 -------- Class Acc: 0.62992
confusion_matrix:
0.76774 0.04839 0.03548 0.14839
0.37536 0.27507 0.02865 0.32092
0.25778 0.04000 0.61778 0.08444
0.13182 0.00455 0.00455 0.85909
Epoch: 29-----------Training Loss: 0.21686 -------- Testing Loss: 1.50339 -------- Training Acc: 0.97288 -------- Testing Acc: 0.64855 -------- Class Acc: 0.66398
confusion_matrix:
0.69355 0.15161 0.07419 0.08065
0.32092 0.51003 0.04298 0.12607
0.19556 0.07111 0.69778 0.03556
0.16364 0.07273 0.00909 0.75455
Epoch: 30-----------Training Loss: 0.19663 -------- Testing Loss: 1.92052 -------- Training Acc: 0.98214 -------- Testing Acc: 0.62500 -------- Class Acc: 0.64291
confusion_matrix:
0.72903 0.12903 0.04194 0.10000
0.36676 0.42980 0.02865 0.17479
0.22667 0.06667 0.63556 0.07111
0.19091 0.03182 0.00000 0.77727
Epoch: 31-----------Training Loss: 0.21286 -------- Testing Loss: 1.54109 -------- Training Acc: 0.98802 -------- Testing Acc: 0.65217 -------- Class Acc: 0.65042
confusion_matrix:
0.58710 0.29355 0.01613 0.10323
0.13467 0.71347 0.01719 0.13467
0.19556 0.21333 0.55111 0.04000
0.10000 0.15000 0.00000 0.75000
Epoch: 32-----------Training Loss: 0.18005 -------- Testing Loss: 1.66529 -------- Training Acc: 0.98486 -------- Testing Acc: 0.65217 -------- Class Acc: 0.65346
confusion_matrix:
0.50968 0.37097 0.03871 0.08065
0.09456 0.74499 0.02579 0.13467
0.14667 0.22222 0.59556 0.03556
0.08182 0.15455 0.00000 0.76364
Epoch: 33-----------Training Loss: 0.14277 -------- Testing Loss: 1.57916 -------- Training Acc: 0.99005 -------- Testing Acc: 0.66486 -------- Class Acc: 0.67518
confusion_matrix:
0.48710 0.35484 0.03871 0.11935
0.08309 0.71920 0.03438 0.16332
0.11111 0.17333 0.64444 0.07111
0.05909 0.08636 0.00455 0.85000
Epoch: 34-----------Training Loss: 0.12208 -------- Testing Loss: 1.92734 -------- Training Acc: 0.99118 -------- Testing Acc: 0.64764 -------- Class Acc: 0.65365
confusion_matrix:
0.56774 0.29677 0.02903 0.10645
0.12607 0.66476 0.02865 0.18052
0.17333 0.17333 0.58667 0.06667
0.10909 0.08636 0.00909 0.79545
Epoch: 35-----------Training Loss: 0.14048 -------- Testing Loss: 2.01771 -------- Training Acc: 0.99186 -------- Testing Acc: 0.65761 -------- Class Acc: 0.67306
confusion_matrix:
0.61290 0.19677 0.08710 0.10323
0.18625 0.58166 0.05731 0.17479
0.13333 0.12000 0.70222 0.04444
0.11364 0.06364 0.02727 0.79545
Epoch: 36-----------Training Loss: 0.15636 -------- Testing Loss: 1.65601 -------- Training Acc: 0.99141 -------- Testing Acc: 0.65217 -------- Class Acc: 0.66089
confusion_matrix:
0.61290 0.23548 0.04194 0.10968
0.16619 0.62178 0.03152 0.18052
0.22222 0.11556 0.60889 0.05333
0.10000 0.09545 0.00455 0.80000
Epoch: 37-----------Training Loss: 0.11213 -------- Testing Loss: 1.73389 -------- Training Acc: 0.99390 -------- Testing Acc: 0.65489 -------- Class Acc: 0.65740
confusion_matrix:
0.56774 0.31613 0.04194 0.07419
0.15759 0.69914 0.02579 0.11748
0.17333 0.15556 0.64000 0.03111
0.10909 0.15455 0.01364 0.72273
Epoch: 38-----------Training Loss: 0.08512 -------- Testing Loss: 1.86183 -------- Training Acc: 0.99390 -------- Testing Acc: 0.64855 -------- Class Acc: 0.64534
confusion_matrix:
0.66774 0.23548 0.01290 0.08387
0.21203 0.66189 0.01719 0.10888
0.29333 0.15111 0.52444 0.03111
0.12727 0.14545 0.00000 0.72727
Epoch: 39-----------Training Loss: 0.09366 -------- Testing Loss: 1.98672 -------- Training Acc: 0.99390 -------- Testing Acc: 0.64040 -------- Class Acc: 0.63047
confusion_matrix:
0.68710 0.22903 0.01935 0.06452
0.22063 0.68195 0.01719 0.08023
0.34667 0.15556 0.47556 0.02222
0.14545 0.17727 0.00000 0.67727
Epoch: 40-----------Training Loss: 0.08586 -------- Testing Loss: 1.81295 -------- Training Acc: 0.99480 -------- Testing Acc: 0.64946 -------- Class Acc: 0.65163
confusion_matrix:
0.58710 0.28065 0.01935 0.11290
0.14613 0.68195 0.02292 0.14900
0.25778 0.14222 0.55111 0.04889
0.10000 0.10909 0.00455 0.78636
Epoch: 41-----------Training Loss: 0.08862 -------- Testing Loss: 1.97637 -------- Training Acc: 0.99548 -------- Testing Acc: 0.65670 -------- Class Acc: 0.66078
confusion_matrix:
0.55484 0.29032 0.04194 0.11290
0.11175 0.70201 0.02579 0.16046
0.16000 0.18222 0.60444 0.05333
0.08182 0.13636 0.00000 0.78182
Epoch: 42-----------Training Loss: 0.09911 -------- Testing Loss: 1.89349 -------- Training Acc: 0.99435 -------- Testing Acc: 0.66123 -------- Class Acc: 0.67248
confusion_matrix:
0.51290 0.31613 0.02903 0.14194
0.08883 0.69054 0.02006 0.20057
0.12000 0.20000 0.59556 0.08444
0.04091 0.06818 0.00000 0.89091
Epoch: 43-----------Training Loss: 0.08971 -------- Testing Loss: 1.82570 -------- Training Acc: 0.99525 -------- Testing Acc: 0.67391 -------- Class Acc: 0.68684
confusion_matrix:
0.54194 0.26129 0.06129 0.13548
0.10602 0.67622 0.04871 0.16905
0.11111 0.09333 0.71556 0.08000
0.06818 0.11818 0.00000 0.81364
Epoch: 44-----------Training Loss: 0.07205 -------- Testing Loss: 2.07860 -------- Training Acc: 0.99616 -------- Testing Acc: 0.66757 -------- Class Acc: 0.68871
confusion_matrix:
0.45484 0.22581 0.20323 0.11613
0.08596 0.66476 0.10888 0.14040
0.04000 0.07556 0.84889 0.03556
0.04091 0.15000 0.02273 0.78636
Epoch: 45-----------Training Loss: 0.06551 -------- Testing Loss: 1.86551 -------- Training Acc: 0.99661 -------- Testing Acc: 0.67210 -------- Class Acc: 0.68075
confusion_matrix:
0.67097 0.18065 0.07419 0.07419
0.21777 0.61032 0.05444 0.11748
0.12444 0.07111 0.76444 0.04000
0.15909 0.15000 0.01364 0.67727
Epoch: 46-----------Training Loss: 0.05933 -------- Testing Loss: 1.80743 -------- Training Acc: 0.99864 -------- Testing Acc: 0.67844 -------- Class Acc: 0.67845
confusion_matrix:
0.66774 0.21935 0.00968 0.10323
0.16332 0.68768 0.02579 0.12321
0.23556 0.10222 0.63111 0.03111
0.11364 0.15455 0.00455 0.72727
Epoch: 47-----------Training Loss: 0.04292 -------- Testing Loss: 1.92682 -------- Training Acc: 0.99932 -------- Testing Acc: 0.67935 -------- Class Acc: 0.69103
confusion_matrix:
0.60968 0.22258 0.04516 0.12258
0.14900 0.64756 0.05158 0.15186
0.16444 0.09778 0.69778 0.04000
0.07727 0.10455 0.00909 0.80909
Epoch: 48-----------Training Loss: 0.03051 -------- Testing Loss: 2.02972 -------- Training Acc: 1.00000 -------- Testing Acc: 0.68841 -------- Class Acc: 0.70202
confusion_matrix:
0.56129 0.24194 0.07097 0.12581
0.09456 0.68195 0.05731 0.16619
0.10667 0.10222 0.74667 0.04444
0.05455 0.11818 0.00909 0.81818
Epoch: 49-----------Training Loss: 0.03085 -------- Testing Loss: 1.94532 -------- Training Acc: 0.99977 -------- Testing Acc: 0.68116 -------- Class Acc: 0.68619
confusion_matrix:
0.58710 0.28387 0.04839 0.08065
0.13754 0.71060 0.05158 0.10029
0.13778 0.10667 0.72889 0.02667
0.09091 0.18182 0.00909 0.71818
Epoch: 50-----------Training Loss: 0.02592 -------- Testing Loss: 2.09667 -------- Training Acc: 0.99977 -------- Testing Acc: 0.67120 -------- Class Acc: 0.67119
confusion_matrix:
0.62258 0.24839 0.03226 0.09677
0.16046 0.70774 0.03152 0.10029
0.22222 0.13778 0.60444 0.03556
0.08636 0.15455 0.00909 0.75000
Best Accuracy:0.68841
Average Top 10 Accuracy:0.68025
Best Class Accuracy:0.70202
Average Top 10 Class Accuracy:0.69096
============================= model ends ===================================

============ model starts, fold 2 ===========
model_parameters: 2704296
model:base6;batch_size:128;out_channels:[64, 16];kernel_size_cnn:[[4, 2], [2, 4]];weight:tensor([0.5000], device='cuda:0');lr:0.001
Epoch: 1-----------Training Loss: 1.15869 -------- Testing Loss: 1.13476 -------- Training Acc: 0.46881 -------- Testing Acc: 0.51087 -------- Class Acc: 0.53312
confusion_matrix:
0.63889 0.08025 0.09877 0.18210
0.34595 0.24324 0.02162 0.38919
0.45161 0.06452 0.34409 0.13978
0.07143 0.02232 0.00000 0.90625
Epoch: 2-----------Training Loss: 1.03441 -------- Testing Loss: 1.07475 -------- Training Acc: 0.56080 -------- Testing Acc: 0.53895 -------- Class Acc: 0.56038
confusion_matrix:
0.63889 0.10185 0.12037 0.13889
0.35946 0.31622 0.02703 0.29730
0.38172 0.09677 0.45161 0.06989
0.10714 0.05357 0.00446 0.83482
Epoch: 3-----------Training Loss: 0.96738 -------- Testing Loss: 1.05359 -------- Training Acc: 0.60737 -------- Testing Acc: 0.56793 -------- Class Acc: 0.58103
confusion_matrix:
0.66667 0.12037 0.06790 0.14506
0.30000 0.37568 0.01351 0.31081
0.38172 0.13978 0.39785 0.08065
0.07589 0.03571 0.00446 0.88393
Epoch: 4-----------Training Loss: 0.90987 -------- Testing Loss: 1.05382 -------- Training Acc: 0.64444 -------- Testing Acc: 0.58333 -------- Class Acc: 0.59301
confusion_matrix:
0.68210 0.12037 0.05864 0.13889
0.27297 0.41081 0.01892 0.29730
0.34409 0.16129 0.40860 0.08602
0.08482 0.04464 0.00000 0.87054
Epoch: 5-----------Training Loss: 0.86306 -------- Testing Loss: 1.08033 -------- Training Acc: 0.67021 -------- Testing Acc: 0.57609 -------- Class Acc: 0.58762
confusion_matrix:
0.71914 0.08642 0.04938 0.14506
0.30270 0.35676 0.01622 0.32432
0.40860 0.09677 0.38172 0.11290
0.08482 0.02232 0.00000 0.89286
Epoch: 6-----------Training Loss: 0.82709 -------- Testing Loss: 1.09171 -------- Training Acc: 0.69982 -------- Testing Acc: 0.58605 -------- Class Acc: 0.61153
confusion_matrix:
0.66049 0.08951 0.10494 0.14506
0.27297 0.37027 0.04865 0.30811
0.23656 0.09140 0.55376 0.11828
0.11607 0.02232 0.00000 0.86161
Epoch: 7-----------Training Loss: 0.77761 -------- Testing Loss: 1.14019 -------- Training Acc: 0.73418 -------- Testing Acc: 0.55616 -------- Class Acc: 0.60090
confusion_matrix:
0.54938 0.08951 0.19753 0.16358
0.21622 0.31081 0.11622 0.35676
0.14516 0.07527 0.65054 0.12903
0.07143 0.01786 0.01786 0.89286
Epoch: 8-----------Training Loss: 0.72338 -------- Testing Loss: 1.10285 -------- Training Acc: 0.76221 -------- Testing Acc: 0.60326 -------- Class Acc: 0.63209
confusion_matrix:
0.59259 0.09877 0.16975 0.13889
0.20000 0.44595 0.10270 0.25135
0.14516 0.12903 0.65054 0.07527
0.10268 0.04018 0.01786 0.83929
Epoch: 9-----------Training Loss: 0.72795 -------- Testing Loss: 1.11310 -------- Training Acc: 0.75814 -------- Testing Acc: 0.58786 -------- Class Acc: 0.62000
confusion_matrix:
0.72531 0.04012 0.09877 0.13580
0.35676 0.29459 0.06757 0.28108
0.29032 0.04301 0.58065 0.08602
0.09821 0.01786 0.00446 0.87946
Epoch: 10-----------Training Loss: 0.67841 -------- Testing Loss: 1.07055 -------- Training Acc: 0.78232 -------- Testing Acc: 0.61322 -------- Class Acc: 0.63148
confusion_matrix:
0.69753 0.09259 0.10494 0.10494
0.31081 0.44054 0.07568 0.17297
0.25806 0.10215 0.60215 0.03763
0.12946 0.07589 0.00893 0.78571
Epoch: 11-----------Training Loss: 0.61614 -------- Testing Loss: 1.13663 -------- Training Acc: 0.81239 -------- Testing Acc: 0.61413 -------- Class Acc: 0.64881
confusion_matrix:
0.64815 0.07716 0.14506 0.12963
0.25135 0.39730 0.11081 0.24054
0.15054 0.08065 0.68817 0.08065
0.09375 0.03125 0.01339 0.86161
Epoch: 12-----------Training Loss: 0.58280 -------- Testing Loss: 1.11770 -------- Training Acc: 0.82708 -------- Testing Acc: 0.61775 -------- Class Acc: 0.65026
confusion_matrix:
0.53086 0.15123 0.16049 0.15741
0.12162 0.49189 0.08919 0.29730
0.10753 0.14516 0.67204 0.07527
0.04911 0.03125 0.01339 0.90625
Epoch: 13-----------Training Loss: 0.56444 -------- Testing Loss: 1.18517 -------- Training Acc: 0.83929 -------- Testing Acc: 0.62319 -------- Class Acc: 0.64657
confusion_matrix:
0.64506 0.11111 0.12346 0.12037
0.20541 0.46486 0.08919 0.24054
0.19355 0.11828 0.62366 0.06452
0.09821 0.04018 0.00893 0.85268
Epoch: 14-----------Training Loss: 0.54786 -------- Testing Loss: 1.17937 -------- Training Acc: 0.85194 -------- Testing Acc: 0.64946 -------- Class Acc: 0.66297
confusion_matrix:
0.61420 0.16667 0.09877 0.12037
0.13514 0.57838 0.04865 0.23784
0.15054 0.17204 0.60215 0.07527
0.05804 0.08482 0.00000 0.85714
Epoch: 15-----------Training Loss: 0.54178 -------- Testing Loss: 1.21051 -------- Training Acc: 0.85692 -------- Testing Acc: 0.58062 -------- Class Acc: 0.61565
confusion_matrix:
0.45370 0.15123 0.12346 0.27160
0.07027 0.45676 0.05135 0.42162
0.06989 0.12366 0.59677 0.20968
0.02232 0.02232 0.00000 0.95536
Epoch: 16-----------Training Loss: 0.52955 -------- Testing Loss: 1.21932 -------- Training Acc: 0.85104 -------- Testing Acc: 0.61322 -------- Class Acc: 0.64707
confusion_matrix:
0.60185 0.06790 0.13580 0.19444
0.17838 0.42162 0.08649 0.31351
0.09140 0.11290 0.64516 0.15054
0.04018 0.03571 0.00446 0.91964
Epoch: 17-----------Training Loss: 0.45753 -------- Testing Loss: 1.40079 -------- Training Acc: 0.89263 -------- Testing Acc: 0.60417 -------- Class Acc: 0.63996
confusion_matrix:
0.60802 0.06790 0.19753 0.12654
0.22973 0.41351 0.16216 0.19459
0.14516 0.08602 0.72581 0.04301
0.10714 0.06696 0.01339 0.81250
Epoch: 18-----------Training Loss: 0.42898 -------- Testing Loss: 1.30843 -------- Training Acc: 0.90348 -------- Testing Acc: 0.61866 -------- Class Acc: 0.65283
confusion_matrix:
0.68210 0.05556 0.14198 0.12037
0.24865 0.38919 0.14324 0.21892
0.15054 0.07527 0.70968 0.06452
0.09375 0.06250 0.01339 0.83036
Epoch: 19-----------Training Loss: 0.38888 -------- Testing Loss: 1.29173 -------- Training Acc: 0.91456 -------- Testing Acc: 0.62862 -------- Class Acc: 0.65177
confusion_matrix:
0.66049 0.08333 0.12963 0.12654
0.19189 0.46486 0.10000 0.24324
0.20430 0.09140 0.62903 0.07527
0.07589 0.04911 0.02232 0.85268
Epoch: 20-----------Training Loss: 0.37665 -------- Testing Loss: 1.36598 -------- Training Acc: 0.92224 -------- Testing Acc: 0.59964 -------- Class Acc: 0.62959
confusion_matrix:
0.68519 0.05864 0.12654 0.12963
0.28378 0.36486 0.10811 0.24324
0.21505 0.07527 0.62903 0.08065
0.11607 0.03571 0.00893 0.83929
Epoch: 21-----------Training Loss: 0.36667 -------- Testing Loss: 1.51926 -------- Training Acc: 0.93038 -------- Testing Acc: 0.60507 -------- Class Acc: 0.64253
confusion_matrix:
0.49691 0.12654 0.25000 0.12654
0.10811 0.49189 0.17568 0.22432
0.07527 0.08602 0.76882 0.06989
0.06696 0.07143 0.04911 0.81250
Epoch: 22-----------Training Loss: 0.34363 -------- Testing Loss: 1.40824 -------- Training Acc: 0.93354 -------- Testing Acc: 0.65308 -------- Class Acc: 0.66365
confusion_matrix:
0.59568 0.15741 0.15432 0.09259
0.13784 0.63243 0.09189 0.13784
0.08602 0.19355 0.67204 0.04839
0.12054 0.10714 0.01786 0.75446
Epoch: 23-----------Training Loss: 0.36639 -------- Testing Loss: 1.41805 -------- Training Acc: 0.92767 -------- Testing Acc: 0.67029 -------- Class Acc: 0.66032
confusion_matrix:
0.60185 0.22531 0.04012 0.13272
0.10000 0.72703 0.01622 0.15676
0.13978 0.32258 0.47312 0.06452
0.04911 0.11161 0.00000 0.83929
Epoch: 24-----------Training Loss: 0.36899 -------- Testing Loss: 1.33660 -------- Training Acc: 0.91456 -------- Testing Acc: 0.62681 -------- Class Acc: 0.64193
confusion_matrix:
0.69753 0.07716 0.06790 0.15741
0.22973 0.45676 0.02973 0.28378
0.22581 0.17204 0.51613 0.08602
0.06696 0.03125 0.00446 0.89732
Epoch: 25-----------Training Loss: 0.28690 -------- Testing Loss: 1.48381 -------- Training Acc: 0.94914 -------- Testing Acc: 0.63225 -------- Class Acc: 0.65541
confusion_matrix:
0.66975 0.08333 0.12346 0.12346
0.22162 0.46216 0.08649 0.22973
0.16129 0.13441 0.62366 0.08065
0.06696 0.04911 0.01786 0.86607
Epoch: 26-----------Training Loss: 0.27088 -------- Testing Loss: 1.61920 -------- Training Acc: 0.95773 -------- Testing Acc: 0.63496 -------- Class Acc: 0.63076
confusion_matrix:
0.76235 0.09877 0.03086 0.10802
0.26757 0.52162 0.02162 0.18919
0.33333 0.16667 0.43548 0.06452
0.13839 0.05357 0.00446 0.80357
