
============ model starts, fold 0 ===========
model_parameters: 2625096
model:model1;batch_size:128;out_channels:[64, 16];kernel_size_cnn:[[4, 2], [2, 4]];weight:0.5;lr:0.001
Epoch: 1-----------Training Loss: 1.19154 -------- Testing Loss: 1.15469 -------- Training Acc: 0.47016 -------- Testing Acc: 0.52989 -------- Class Acc: 0.53309
confusion_matrix:
0.42812 0.39375 0.06563 0.11250
0.13580 0.62346 0.02469 0.21605
0.24800 0.20000 0.47600 0.07600
0.01905 0.35238 0.02381 0.60476
Epoch: 2-----------Training Loss: 1.04025 -------- Testing Loss: 1.01288 -------- Training Acc: 0.57030 -------- Testing Acc: 0.60417 -------- Class Acc: 0.62419
confusion_matrix:
0.61250 0.15000 0.09688 0.14062
0.25000 0.42901 0.02778 0.29321
0.17600 0.08400 0.66000 0.08000
0.07619 0.11429 0.01429 0.79524
Epoch: 3-----------Training Loss: 0.95060 -------- Testing Loss: 1.02476 -------- Training Acc: 0.62997 -------- Testing Acc: 0.57699 -------- Class Acc: 0.59532
confusion_matrix:
0.69688 0.08125 0.11563 0.10625
0.45370 0.29012 0.04630 0.20988
0.22400 0.06000 0.68000 0.03600
0.17143 0.10000 0.01429 0.71429
Epoch: 4-----------Training Loss: 0.86996 -------- Testing Loss: 1.01978 -------- Training Acc: 0.66863 -------- Testing Acc: 0.62228 -------- Class Acc: 0.63015
confusion_matrix:
0.69063 0.10000 0.12812 0.08125
0.35185 0.44444 0.09877 0.10494
0.12400 0.07600 0.77600 0.02400
0.18571 0.16667 0.03810 0.60952
Epoch: 5-----------Training Loss: 0.78299 -------- Testing Loss: 1.17637 -------- Training Acc: 0.72220 -------- Testing Acc: 0.59783 -------- Class Acc: 0.59550
confusion_matrix:
0.66563 0.20938 0.02500 0.10000
0.17901 0.63580 0.02160 0.16358
0.45200 0.16800 0.35200 0.02800
0.10000 0.14762 0.02381 0.72857
Epoch: 6-----------Training Loss: 0.68208 -------- Testing Loss: 1.57752 -------- Training Acc: 0.78413 -------- Testing Acc: 0.59058 -------- Class Acc: 0.60247
confusion_matrix:
0.31250 0.47500 0.12187 0.09062
0.09259 0.74691 0.02469 0.13580
0.02400 0.28400 0.66000 0.03200
0.08095 0.19524 0.03333 0.69048
Epoch: 7-----------Training Loss: 0.59761 -------- Testing Loss: 1.70262 -------- Training Acc: 0.84155 -------- Testing Acc: 0.58967 -------- Class Acc: 0.61424
confusion_matrix:
0.46563 0.12812 0.29688 0.10938
0.17593 0.43210 0.20679 0.18519
0.05200 0.04400 0.86400 0.04000
0.14762 0.10952 0.04762 0.69524
Epoch: 8-----------Training Loss: 0.51253 -------- Testing Loss: 2.62624 -------- Training Acc: 0.88653 -------- Testing Acc: 0.52989 -------- Class Acc: 0.58188
confusion_matrix:
0.47187 0.00313 0.33437 0.19062
0.24691 0.07716 0.32716 0.34877
0.06000 0.00400 0.88800 0.04800
0.06667 0.00000 0.04286 0.89048
Epoch: 9-----------Training Loss: 0.46862 -------- Testing Loss: 1.38900 -------- Training Acc: 0.92292 -------- Testing Acc: 0.58605 -------- Class Acc: 0.59071
confusion_matrix:
0.24375 0.49062 0.17813 0.08750
0.03086 0.83642 0.06481 0.06790
0.03600 0.23200 0.71600 0.01600
0.00952 0.35714 0.06667 0.56667
Epoch: 10-----------Training Loss: 0.40029 -------- Testing Loss: 1.69300 -------- Training Acc: 0.93400 -------- Testing Acc: 0.62319 -------- Class Acc: 0.64307
confusion_matrix:
0.62813 0.13125 0.05000 0.19062
0.20679 0.45062 0.04321 0.29938
0.15600 0.09200 0.68400 0.06800
0.07619 0.10000 0.01429 0.80952
Epoch: 11-----------Training Loss: 0.33840 -------- Testing Loss: 1.55496 -------- Training Acc: 0.96655 -------- Testing Acc: 0.64402 -------- Class Acc: 0.66351
confusion_matrix:
0.54063 0.17188 0.14375 0.14375
0.15741 0.55247 0.09259 0.19753
0.06400 0.09600 0.78000 0.06000
0.06190 0.12857 0.02857 0.78095
Epoch: 12-----------Training Loss: 0.31838 -------- Testing Loss: 2.65482 -------- Training Acc: 0.96994 -------- Testing Acc: 0.60870 -------- Class Acc: 0.64225
confusion_matrix:
0.46563 0.16875 0.10312 0.26250
0.08025 0.45062 0.07099 0.39815
0.03600 0.10000 0.74800 0.11600
0.02857 0.04762 0.01905 0.90476
Epoch: 13-----------Training Loss: 0.32086 -------- Testing Loss: 1.23913 -------- Training Acc: 0.98327 -------- Testing Acc: 0.68297 -------- Class Acc: 0.69244
confusion_matrix:
0.68125 0.15313 0.04688 0.11875
0.19444 0.61728 0.02778 0.16049
0.16800 0.10800 0.67600 0.04800
0.07619 0.12381 0.00476 0.79524
Epoch: 14-----------Training Loss: 0.25261 -------- Testing Loss: 1.38507 -------- Training Acc: 0.99525 -------- Testing Acc: 0.66667 -------- Class Acc: 0.66097
confusion_matrix:
0.75625 0.16562 0.01562 0.06250
0.27469 0.65123 0.00309 0.07099
0.26400 0.13600 0.58400 0.01600
0.12857 0.21905 0.00000 0.65238
Epoch: 15-----------Training Loss: 0.22343 -------- Testing Loss: 1.17497 -------- Training Acc: 0.99706 -------- Testing Acc: 0.70743 -------- Class Acc: 0.71808
confusion_matrix:
0.67188 0.14062 0.07500 0.11250
0.14198 0.64198 0.07099 0.14506
0.09600 0.10800 0.76800 0.02800
0.08095 0.12381 0.00476 0.79048
Epoch: 16-----------Training Loss: 0.18849 -------- Testing Loss: 1.25779 -------- Training Acc: 0.99887 -------- Testing Acc: 0.70471 -------- Class Acc: 0.70788
confusion_matrix:
0.73125 0.13750 0.04375 0.08750
0.20988 0.64198 0.04012 0.10802
0.13200 0.10400 0.74400 0.02000
0.10000 0.16190 0.02381 0.71429
Epoch: 17-----------Training Loss: 0.18366 -------- Testing Loss: 1.45912 -------- Training Acc: 0.99910 -------- Testing Acc: 0.67935 -------- Class Acc: 0.67744
confusion_matrix:
0.75625 0.13437 0.02813 0.08125
0.23765 0.65123 0.01543 0.09568
0.26000 0.13200 0.58800 0.02000
0.11905 0.16190 0.00476 0.71429
Epoch: 18-----------Training Loss: 0.18189 -------- Testing Loss: 1.36677 -------- Training Acc: 0.99977 -------- Testing Acc: 0.69475 -------- Class Acc: 0.69631
confusion_matrix:
0.74375 0.14375 0.03438 0.07812
0.21296 0.64815 0.02469 0.11420
0.18800 0.13600 0.66000 0.01600
0.12381 0.13810 0.00476 0.73333
Epoch: 19-----------Training Loss: 0.14664 -------- Testing Loss: 1.29680 -------- Training Acc: 0.99955 -------- Testing Acc: 0.70199 -------- Class Acc: 0.70624
confusion_matrix:
0.66563 0.20000 0.04688 0.08750
0.15741 0.70370 0.03395 0.10494
0.12000 0.14800 0.70800 0.02400
0.08571 0.16190 0.00476 0.74762
Epoch: 20-----------Training Loss: 0.12073 -------- Testing Loss: 1.36936 -------- Training Acc: 0.99977 -------- Testing Acc: 0.70018 -------- Class Acc: 0.70429
confusion_matrix:
0.68437 0.18125 0.04063 0.09375
0.15432 0.68519 0.03086 0.12963
0.13600 0.12400 0.70000 0.04000
0.10000 0.14762 0.00476 0.74762
Epoch: 21-----------Training Loss: 0.12526 -------- Testing Loss: 1.38815 -------- Training Acc: 1.00000 -------- Testing Acc: 0.69837 -------- Class Acc: 0.70836
confusion_matrix:
0.62500 0.19375 0.06563 0.11563
0.12346 0.68519 0.04012 0.15123
0.08800 0.14800 0.72800 0.03600
0.06667 0.12381 0.01429 0.79524
Epoch: 22-----------Training Loss: 0.13007 -------- Testing Loss: 1.38252 -------- Training Acc: 1.00000 -------- Testing Acc: 0.70833 -------- Class Acc: 0.71518
confusion_matrix:
0.72813 0.14062 0.05000 0.08125
0.19444 0.62346 0.05864 0.12346
0.13200 0.08800 0.75200 0.02800
0.09524 0.13333 0.01429 0.75714
Epoch: 23-----------Training Loss: 0.08521 -------- Testing Loss: 1.42963 -------- Training Acc: 1.00000 -------- Testing Acc: 0.70743 -------- Class Acc: 0.71408
confusion_matrix:
0.73125 0.11875 0.06563 0.08438
0.21296 0.61420 0.07099 0.10185
0.11200 0.08800 0.76800 0.03200
0.11429 0.11429 0.02857 0.74286
Epoch: 24-----------Training Loss: 0.08838 -------- Testing Loss: 1.52149 -------- Training Acc: 1.00000 -------- Testing Acc: 0.68569 -------- Class Acc: 0.69546
confusion_matrix:
0.72500 0.11563 0.05625 0.10312
0.23148 0.56790 0.04630 0.15432
0.15200 0.09200 0.70800 0.04800
0.11905 0.09524 0.00476 0.78095
Epoch: 25-----------Training Loss: 0.10307 -------- Testing Loss: 1.47474 -------- Training Acc: 1.00000 -------- Testing Acc: 0.70380 -------- Class Acc: 0.70687
confusion_matrix:
0.74062 0.14062 0.04375 0.07500
0.19136 0.65123 0.04012 0.11728
0.16000 0.12400 0.68800 0.02800
0.10000 0.14286 0.00952 0.74762
Epoch: 26-----------Training Loss: 0.09598 -------- Testing Loss: 1.48341 -------- Training Acc: 1.00000 -------- Testing Acc: 0.70562 -------- Class Acc: 0.71051
confusion_matrix:
0.61875 0.23438 0.06250 0.08438
0.10494 0.74691 0.04630 0.10185
0.08800 0.16000 0.72400 0.02800
0.07619 0.15714 0.01429 0.75238
Epoch: 27-----------Training Loss: 0.12119 -------- Testing Loss: 1.48708 -------- Training Acc: 1.00000 -------- Testing Acc: 0.69112 -------- Class Acc: 0.69274
confusion_matrix:
0.74687 0.13437 0.03125 0.08750
0.20988 0.64198 0.01852 0.12963
0.16000 0.15200 0.64400 0.04400
0.11429 0.14286 0.00476 0.73810
Epoch: 28-----------Training Loss: 0.07909 -------- Testing Loss: 1.49312 -------- Training Acc: 0.99977 -------- Testing Acc: 0.70652 -------- Class Acc: 0.70919
confusion_matrix:
0.73125 0.14375 0.03750 0.08750
0.17284 0.66667 0.03704 0.12346
0.13600 0.13600 0.69600 0.03200
0.09048 0.15714 0.00952 0.74286
Epoch: 29-----------Training Loss: 0.08458 -------- Testing Loss: 1.51645 -------- Training Acc: 1.00000 -------- Testing Acc: 0.70380 -------- Class Acc: 0.70689
confusion_matrix:
0.74687 0.11875 0.05312 0.08125
0.19753 0.62963 0.05247 0.12037
0.12000 0.10800 0.73200 0.04000
0.14762 0.11905 0.01429 0.71905
Epoch: 30-----------Training Loss: 0.09107 -------- Testing Loss: 1.75651 -------- Training Acc: 0.99977 -------- Testing Acc: 0.68025 -------- Class Acc: 0.69485
confusion_matrix:
0.63125 0.17813 0.02813 0.16250
0.15123 0.63272 0.01235 0.20370
0.12000 0.17200 0.64400 0.06400
0.03810 0.08571 0.00476 0.87143
Epoch: 31-----------Training Loss: 0.26101 -------- Testing Loss: 1.26839 -------- Training Acc: 1.00000 -------- Testing Acc: 0.71014 -------- Class Acc: 0.70925
confusion_matrix:
0.72500 0.16250 0.04375 0.06875
0.17593 0.69753 0.04630 0.08025
0.12400 0.12800 0.72400 0.02400
0.12381 0.17619 0.00952 0.69048
Epoch: 32-----------Training Loss: 0.12019 -------- Testing Loss: 1.41828 -------- Training Acc: 1.00000 -------- Testing Acc: 0.70109 -------- Class Acc: 0.70855
confusion_matrix:
0.69063 0.15937 0.05625 0.09375
0.16358 0.64815 0.04321 0.14506
0.10400 0.12400 0.72400 0.04800
0.09524 0.12857 0.00476 0.77143
Epoch: 33-----------Training Loss: 0.07441 -------- Testing Loss: 1.43864 -------- Training Acc: 1.00000 -------- Testing Acc: 0.70562 -------- Class Acc: 0.70921
confusion_matrix:
0.69063 0.16562 0.05312 0.09062
0.15741 0.69136 0.03086 0.12037
0.11200 0.14000 0.71200 0.03600
0.10476 0.14286 0.00952 0.74286
Epoch: 34-----------Training Loss: 0.06119 -------- Testing Loss: 1.71919 -------- Training Acc: 1.00000 -------- Testing Acc: 0.68388 -------- Class Acc: 0.69418
confusion_matrix:
0.58750 0.25000 0.03438 0.12812
0.11420 0.70370 0.02160 0.16049
0.08000 0.20000 0.67600 0.04400
0.06667 0.11905 0.00476 0.80952
Epoch: 35-----------Training Loss: 0.08724 -------- Testing Loss: 1.65596 -------- Training Acc: 1.00000 -------- Testing Acc: 0.69293 -------- Class Acc: 0.69950
confusion_matrix:
0.61250 0.23750 0.03438 0.11563
0.11111 0.72531 0.02160 0.14198
0.09200 0.18400 0.68400 0.04000
0.08571 0.13333 0.00476 0.77619
Epoch: 36-----------Training Loss: 0.09682 -------- Testing Loss: 1.58621 -------- Training Acc: 1.00000 -------- Testing Acc: 0.70290 -------- Class Acc: 0.71009
confusion_matrix:
0.60313 0.21563 0.07500 0.10625
0.11111 0.73457 0.03704 0.11728
0.06000 0.17200 0.73600 0.03200
0.08095 0.14286 0.00952 0.76667
Epoch: 37-----------Training Loss: 0.06639 -------- Testing Loss: 1.69466 -------- Training Acc: 1.00000 -------- Testing Acc: 0.68931 -------- Class Acc: 0.68863
confusion_matrix:
0.71875 0.17500 0.02187 0.08438
0.18827 0.67901 0.01852 0.11420
0.13200 0.17200 0.65200 0.04400
0.10952 0.18095 0.00476 0.70476
Epoch: 38-----------Training Loss: 0.06372 -------- Testing Loss: 1.68115 -------- Training Acc: 1.00000 -------- Testing Acc: 0.69112 -------- Class Acc: 0.69593
confusion_matrix:
0.65938 0.18750 0.03438 0.11875
0.16049 0.69444 0.01543 0.12963
0.12000 0.16800 0.66800 0.04400
0.08095 0.15238 0.00476 0.76190
Epoch: 39-----------Training Loss: 0.06289 -------- Testing Loss: 1.87491 -------- Training Acc: 1.00000 -------- Testing Acc: 0.67935 -------- Class Acc: 0.68612
confusion_matrix:
0.60625 0.24375 0.02500 0.12500
0.12654 0.72222 0.01543 0.13580
0.09200 0.22800 0.61600 0.06400
0.06667 0.12857 0.00476 0.80000
Epoch: 40-----------Training Loss: 0.08801 -------- Testing Loss: 1.70308 -------- Training Acc: 1.00000 -------- Testing Acc: 0.69293 -------- Class Acc: 0.70155
confusion_matrix:
0.67188 0.18750 0.02813 0.11250
0.16358 0.65432 0.02160 0.16049
0.10000 0.16400 0.68000 0.05600
0.07619 0.11905 0.00476 0.80000
Epoch: 41-----------Training Loss: 0.07919 -------- Testing Loss: 1.61634 -------- Training Acc: 1.00000 -------- Testing Acc: 0.68931 -------- Class Acc: 0.69936
confusion_matrix:
0.65312 0.18438 0.04688 0.11563
0.16049 0.64506 0.03704 0.15741
0.10000 0.13600 0.70400 0.06000
0.06667 0.13333 0.00476 0.79524
Epoch: 42-----------Training Loss: 0.09092 -------- Testing Loss: 1.57388 -------- Training Acc: 1.00000 -------- Testing Acc: 0.70924 -------- Class Acc: 0.71937
confusion_matrix:
0.68750 0.14375 0.07187 0.09688
0.19753 0.62654 0.04630 0.12963
0.07600 0.09200 0.79200 0.04000
0.10476 0.10952 0.01429 0.77143
Epoch: 43-----------Training Loss: 0.07411 -------- Testing Loss: 1.64461 -------- Training Acc: 1.00000 -------- Testing Acc: 0.69112 -------- Class Acc: 0.70121
confusion_matrix:
0.65625 0.13125 0.11875 0.09375
0.17284 0.60802 0.09259 0.12654
0.06400 0.08800 0.81200 0.03600
0.09524 0.13810 0.03810 0.72857
Epoch: 44-----------Training Loss: 0.06036 -------- Testing Loss: 1.65745 -------- Training Acc: 1.00000 -------- Testing Acc: 0.69837 -------- Class Acc: 0.69922
confusion_matrix:
0.75000 0.13437 0.04063 0.07500
0.21914 0.63889 0.03704 0.10494
0.16400 0.10400 0.70800 0.02400
0.14286 0.14762 0.00952 0.70000
Epoch: 45-----------Training Loss: 0.04046 -------- Testing Loss: 1.62675 -------- Training Acc: 1.00000 -------- Testing Acc: 0.70652 -------- Class Acc: 0.71234
confusion_matrix:
0.66563 0.16562 0.07500 0.09375
0.15123 0.67593 0.05864 0.11420
0.06800 0.11600 0.78400 0.03200
0.09524 0.15714 0.02381 0.72381
Epoch: 46-----------Training Loss: 0.02300 -------- Testing Loss: 1.77844 -------- Training Acc: 1.00000 -------- Testing Acc: 0.69565 -------- Class Acc: 0.70318
confusion_matrix:
0.73438 0.11875 0.04688 0.10000
0.20988 0.59568 0.04630 0.14815
0.12800 0.12400 0.71600 0.03200
0.10476 0.11429 0.01429 0.76667
Epoch: 47-----------Training Loss: 0.01850 -------- Testing Loss: 1.86808 -------- Training Acc: 1.00000 -------- Testing Acc: 0.68388 -------- Class Acc: 0.68650
confusion_matrix:
0.76250 0.11563 0.04688 0.07500
0.27469 0.58025 0.03086 0.11420
0.15200 0.11600 0.70800 0.02400
0.14762 0.13810 0.01905 0.69524
Epoch: 48-----------Training Loss: 0.02503 -------- Testing Loss: 1.68556 -------- Training Acc: 1.00000 -------- Testing Acc: 0.70562 -------- Class Acc: 0.71221
confusion_matrix:
0.67500 0.17500 0.07500 0.07500
0.16358 0.66049 0.06481 0.11111
0.08000 0.12000 0.78000 0.02000
0.08571 0.15714 0.02381 0.73333
Epoch: 49-----------Training Loss: 0.03384 -------- Testing Loss: 1.76319 -------- Training Acc: 1.00000 -------- Testing Acc: 0.70652 -------- Class Acc: 0.71736
confusion_matrix:
0.68750 0.14375 0.06875 0.10000
0.19753 0.62346 0.04321 0.13580
0.09600 0.10800 0.76800 0.02800
0.08571 0.10000 0.02381 0.79048
Epoch: 50-----------Training Loss: 0.03557 -------- Testing Loss: 1.78110 -------- Training Acc: 1.00000 -------- Testing Acc: 0.70471 -------- Class Acc: 0.71141
confusion_matrix:
0.62813 0.20000 0.06875 0.10312
0.11420 0.70988 0.04630 0.12963
0.06400 0.13600 0.76000 0.04000
0.08571 0.15238 0.01429 0.74762
Best Accuracy:0.71014
Average Top 10 Accuracy:0.70851
Best Class Accuracy:0.71937
Average Top 10 Class Accuracy:0.71681
============================= model ends ===================================

============ model starts, fold 1 ===========
model_parameters: 2625096
model:model1;batch_size:128;out_channels:[64, 16];kernel_size_cnn:[[4, 2], [2, 4]];weight:tensor([0.5000], device='cuda:0');lr:0.001
Epoch: 1-----------Training Loss: 1.17999 -------- Testing Loss: 1.20349 -------- Training Acc: 0.47355 -------- Testing Acc: 0.50272 -------- Class Acc: 0.49751
confusion_matrix:
0.43226 0.38710 0.09355 0.08710
0.15473 0.59312 0.02865 0.22350
0.39556 0.20889 0.35556 0.04000
0.05000 0.33636 0.00455 0.60909
Epoch: 2-----------Training Loss: 1.04242 -------- Testing Loss: 1.27389 -------- Training Acc: 0.58092 -------- Testing Acc: 0.53533 -------- Class Acc: 0.57681
confusion_matrix:
0.58710 0.06129 0.24516 0.10645
0.44986 0.20630 0.10315 0.24069
0.16000 0.02222 0.79111 0.02667
0.15000 0.08182 0.04545 0.72273
Epoch: 3-----------Training Loss: 0.95723 -------- Testing Loss: 1.26685 -------- Training Acc: 0.62997 -------- Testing Acc: 0.57156 -------- Class Acc: 0.59310
confusion_matrix:
0.71613 0.10645 0.08710 0.09032
0.45559 0.32092 0.04585 0.17765
0.29333 0.04444 0.64444 0.01778
0.17727 0.10455 0.02727 0.69091
Epoch: 4-----------Training Loss: 0.87416 -------- Testing Loss: 1.26249 -------- Training Acc: 0.67586 -------- Testing Acc: 0.59783 -------- Class Acc: 0.63029
confusion_matrix:
0.57419 0.11613 0.20968 0.10000
0.26934 0.38395 0.14327 0.20344
0.12444 0.03111 0.82667 0.01778
0.13636 0.08636 0.04091 0.73636
Epoch: 5-----------Training Loss: 0.78608 -------- Testing Loss: 1.11743 -------- Training Acc: 0.73531 -------- Testing Acc: 0.62500 -------- Class Acc: 0.65372
confusion_matrix:
0.62258 0.15161 0.09355 0.13226
0.21777 0.42693 0.08883 0.26648
0.19111 0.03556 0.72444 0.04889
0.10000 0.04091 0.01818 0.84091
Epoch: 6-----------Training Loss: 0.69443 -------- Testing Loss: 1.90818 -------- Training Acc: 0.78481 -------- Testing Acc: 0.50996 -------- Class Acc: 0.56896
confusion_matrix:
0.48065 0.04194 0.17742 0.30000
0.14040 0.12034 0.10888 0.63037
0.11556 0.00889 0.70667 0.16889
0.01818 0.00000 0.01364 0.96818
Epoch: 7-----------Training Loss: 0.58747 -------- Testing Loss: 2.39094 -------- Training Acc: 0.84358 -------- Testing Acc: 0.45290 -------- Class Acc: 0.50202
confusion_matrix:
0.46129 0.05484 0.04839 0.43548
0.13181 0.11175 0.02006 0.73639
0.22667 0.02222 0.45778 0.29333
0.01818 0.00455 0.00000 0.97727
Epoch: 8-----------Training Loss: 0.51439 -------- Testing Loss: 4.39719 -------- Training Acc: 0.88156 -------- Testing Acc: 0.47373 -------- Class Acc: 0.54207
confusion_matrix:
0.34839 0.06129 0.47742 0.11290
0.08883 0.07736 0.59312 0.24069
0.04444 0.00444 0.92889 0.02222
0.00909 0.00000 0.17727 0.81364
Epoch: 9-----------Training Loss: 0.45606 -------- Testing Loss: 1.34178 -------- Training Acc: 0.90981 -------- Testing Acc: 0.64040 -------- Class Acc: 0.65568
confusion_matrix:
0.65161 0.17742 0.09677 0.07419
0.28940 0.52436 0.06304 0.12321
0.16444 0.07111 0.74222 0.02222
0.14091 0.13636 0.01818 0.70455
Epoch: 10-----------Training Loss: 0.38966 -------- Testing Loss: 2.24858 -------- Training Acc: 0.94281 -------- Testing Acc: 0.56250 -------- Class Acc: 0.59200
confusion_matrix:
0.44194 0.18710 0.22581 0.14516
0.16619 0.43840 0.13467 0.26074
0.10667 0.06667 0.74222 0.08444
0.02727 0.18182 0.04545 0.74545
Epoch: 11-----------Training Loss: 0.34711 -------- Testing Loss: 1.84870 -------- Training Acc: 0.95750 -------- Testing Acc: 0.64221 -------- Class Acc: 0.64193
confusion_matrix:
0.52903 0.29355 0.13871 0.03871
0.13181 0.71920 0.07450 0.07450
0.11556 0.12000 0.74222 0.02222
0.13182 0.26818 0.02273 0.57727
Epoch: 12-----------Training Loss: 0.33040 -------- Testing Loss: 1.71775 -------- Training Acc: 0.96587 -------- Testing Acc: 0.63859 -------- Class Acc: 0.64936
confusion_matrix:
0.43548 0.34839 0.10968 0.10645
0.09742 0.70487 0.05731 0.14040
0.08889 0.17333 0.68889 0.04889
0.08636 0.13636 0.00909 0.76818
Epoch: 13-----------Training Loss: 0.29601 -------- Testing Loss: 1.54143 -------- Training Acc: 0.97694 -------- Testing Acc: 0.65942 -------- Class Acc: 0.66595
confusion_matrix:
0.39032 0.38387 0.15161 0.07419
0.06877 0.79943 0.02006 0.11175
0.06667 0.16889 0.74222 0.02222
0.05000 0.19545 0.02273 0.73182
Epoch: 14-----------Training Loss: 0.22809 -------- Testing Loss: 1.60061 -------- Training Acc: 0.99231 -------- Testing Acc: 0.65942 -------- Class Acc: 0.68028
confusion_matrix:
0.59355 0.17419 0.16452 0.06774
0.20630 0.55587 0.09456 0.14327
0.09778 0.04444 0.84444 0.01333
0.11818 0.12273 0.03182 0.72727
Epoch: 15-----------Training Loss: 0.21470 -------- Testing Loss: 1.34370 -------- Training Acc: 0.99684 -------- Testing Acc: 0.66848 -------- Class Acc: 0.68751
confusion_matrix:
0.47742 0.23226 0.20968 0.08065
0.10888 0.66476 0.07736 0.14900
0.04889 0.07556 0.85333 0.02222
0.10000 0.11364 0.03182 0.75455
Epoch: 16-----------Training Loss: 0.22876 -------- Testing Loss: 1.31924 -------- Training Acc: 0.99774 -------- Testing Acc: 0.68388 -------- Class Acc: 0.70021
confusion_matrix:
0.41613 0.31935 0.17742 0.08710
0.05444 0.75358 0.06017 0.13181
0.02222 0.11111 0.83111 0.03556
0.05909 0.11818 0.02273 0.80000
Epoch: 17-----------Training Loss: 0.24359 -------- Testing Loss: 1.21700 -------- Training Acc: 0.99932 -------- Testing Acc: 0.70290 -------- Class Acc: 0.70924
confusion_matrix:
0.62903 0.20968 0.10323 0.05806
0.16046 0.70774 0.05158 0.08023
0.12000 0.07111 0.79111 0.01778
0.10455 0.15909 0.02727 0.70909
Epoch: 18-----------Training Loss: 0.17981 -------- Testing Loss: 1.43137 -------- Training Acc: 1.00000 -------- Testing Acc: 0.67210 -------- Class Acc: 0.68784
confusion_matrix:
0.52903 0.19355 0.21935 0.05806
0.14900 0.65616 0.11748 0.07736
0.04444 0.05333 0.88889 0.01333
0.11818 0.16818 0.03636 0.67727
Epoch: 19-----------Training Loss: 0.19515 -------- Testing Loss: 1.32017 -------- Training Acc: 0.99977 -------- Testing Acc: 0.69837 -------- Class Acc: 0.70815
confusion_matrix:
0.62258 0.21290 0.08710 0.07742
0.16046 0.68195 0.04298 0.11461
0.12000 0.08444 0.76444 0.03111
0.09545 0.11364 0.02727 0.76364
Epoch: 20-----------Training Loss: 0.14252 -------- Testing Loss: 1.42265 -------- Training Acc: 1.00000 -------- Testing Acc: 0.69656 -------- Class Acc: 0.70540
confusion_matrix:
0.65484 0.19032 0.08065 0.07419
0.16905 0.66476 0.04011 0.12607
0.15556 0.08444 0.71111 0.04889
0.08636 0.10000 0.02273 0.79091
Epoch: 21-----------Training Loss: 0.10073 -------- Testing Loss: 1.47055 -------- Training Acc: 1.00000 -------- Testing Acc: 0.69384 -------- Class Acc: 0.70276
confusion_matrix:
0.65484 0.18387 0.08387 0.07742
0.17765 0.65903 0.04011 0.12321
0.15111 0.07556 0.72444 0.04889
0.10455 0.10000 0.02273 0.77273
Epoch: 22-----------Training Loss: 0.08494 -------- Testing Loss: 1.49348 -------- Training Acc: 1.00000 -------- Testing Acc: 0.68569 -------- Class Acc: 0.69820
confusion_matrix:
0.59355 0.22581 0.10323 0.07742
0.16905 0.66189 0.04585 0.12321
0.09778 0.10667 0.75556 0.04000
0.08182 0.11364 0.02273 0.78182
Epoch: 23-----------Training Loss: 0.09855 -------- Testing Loss: 1.43300 -------- Training Acc: 1.00000 -------- Testing Acc: 0.69928 -------- Class Acc: 0.71365
confusion_matrix:
0.55161 0.23548 0.13548 0.07742
0.12607 0.69914 0.06304 0.11175
0.06667 0.08444 0.83111 0.01778
0.08182 0.12727 0.01818 0.77273
Epoch: 24-----------Training Loss: 0.17186 -------- Testing Loss: 1.38652 -------- Training Acc: 1.00000 -------- Testing Acc: 0.69746 -------- Class Acc: 0.70738
confusion_matrix:
0.59677 0.22581 0.10323 0.07419
0.15759 0.69628 0.04298 0.10315
0.09333 0.08000 0.79556 0.03111
0.09545 0.13636 0.02727 0.74091
Epoch: 25-----------Training Loss: 0.13602 -------- Testing Loss: 1.45464 -------- Training Acc: 1.00000 -------- Testing Acc: 0.69656 -------- Class Acc: 0.70804
confusion_matrix:
0.61935 0.22903 0.06774 0.08387
0.17765 0.67049 0.03438 0.11748
0.12889 0.08444 0.73778 0.04889
0.07727 0.10000 0.01818 0.80455
Epoch: 26-----------Training Loss: 0.10881 -------- Testing Loss: 1.78685 -------- Training Acc: 1.00000 -------- Testing Acc: 0.68116 -------- Class Acc: 0.69169
confusion_matrix:
0.75806 0.12258 0.04839 0.07097
0.28080 0.55587 0.02579 0.13754
0.23111 0.04889 0.67556 0.04444
0.12727 0.07273 0.02273 0.77727
Epoch: 27-----------Training Loss: 0.10289 -------- Testing Loss: 1.53026 -------- Training Acc: 1.00000 -------- Testing Acc: 0.69112 -------- Class Acc: 0.69830
confusion_matrix:
0.64839 0.21613 0.06774 0.06774
0.17765 0.67049 0.04011 0.11175
0.15556 0.08444 0.72889 0.03111
0.10000 0.13182 0.02273 0.74545
Epoch: 28-----------Training Loss: 0.10267 -------- Testing Loss: 1.49688 -------- Training Acc: 1.00000 -------- Testing Acc: 0.69293 -------- Class Acc: 0.69879
confusion_matrix:
0.61613 0.24194 0.07419 0.06774
0.16332 0.70487 0.02579 0.10602
0.12444 0.11111 0.73778 0.02667
0.08636 0.15455 0.02273 0.73636
Epoch: 29-----------Training Loss: 0.09589 -------- Testing Loss: 1.51584 -------- Training Acc: 1.00000 -------- Testing Acc: 0.68659 -------- Class Acc: 0.69000
confusion_matrix:
0.61290 0.25484 0.06774 0.06452
0.14900 0.71347 0.03152 0.10602
0.14222 0.11111 0.72000 0.02667
0.08636 0.17727 0.02273 0.71364
Epoch: 30-----------Training Loss: 0.08976 -------- Testing Loss: 1.65653 -------- Training Acc: 1.00000 -------- Testing Acc: 0.67482 -------- Class Acc: 0.67562
confusion_matrix:
0.56452 0.29032 0.06129 0.08387
0.12034 0.74785 0.02292 0.10888
0.16889 0.15556 0.63556 0.04000
0.05909 0.17273 0.01364 0.75455
Epoch: 31-----------Training Loss: 0.11836 -------- Testing Loss: 1.69327 -------- Training Acc: 1.00000 -------- Testing Acc: 0.67301 -------- Class Acc: 0.68224
confusion_matrix:
0.52581 0.28065 0.07419 0.11935
0.11461 0.71347 0.02579 0.14613
0.11111 0.18222 0.65333 0.05333
0.05000 0.10000 0.01364 0.83636
Epoch: 32-----------Training Loss: 0.08964 -------- Testing Loss: 1.67236 -------- Training Acc: 1.00000 -------- Testing Acc: 0.69022 -------- Class Acc: 0.69848
confusion_matrix:
0.55806 0.28065 0.06774 0.09355
0.13181 0.72493 0.02006 0.12321
0.09778 0.14222 0.72000 0.04000
0.06364 0.12727 0.01818 0.79091
Epoch: 33-----------Training Loss: 0.11109 -------- Testing Loss: 1.57897 -------- Training Acc: 1.00000 -------- Testing Acc: 0.68478 -------- Class Acc: 0.69549
confusion_matrix:
0.57419 0.24516 0.08065 0.10000
0.14040 0.68768 0.03152 0.14040
0.12000 0.12000 0.71556 0.04444
0.07273 0.10455 0.01818 0.80455
Epoch: 34-----------Training Loss: 0.08420 -------- Testing Loss: 1.74467 -------- Training Acc: 1.00000 -------- Testing Acc: 0.68388 -------- Class Acc: 0.69550
confusion_matrix:
0.64839 0.18710 0.04839 0.11613
0.17479 0.63037 0.02865 0.16619
0.20444 0.08889 0.65778 0.04889
0.07273 0.06818 0.01364 0.84545
Epoch: 35-----------Training Loss: 0.08121 -------- Testing Loss: 1.99413 -------- Training Acc: 1.00000 -------- Testing Acc: 0.67572 -------- Class Acc: 0.68386
confusion_matrix:
0.67742 0.16774 0.03548 0.11935
0.18625 0.62178 0.02292 0.16905
0.25778 0.07111 0.60444 0.06667
0.08182 0.07273 0.01364 0.83182
Epoch: 36-----------Training Loss: 0.07969 -------- Testing Loss: 1.71154 -------- Training Acc: 1.00000 -------- Testing Acc: 0.68025 -------- Class Acc: 0.68940
confusion_matrix:
0.58065 0.22581 0.07097 0.12258
0.14040 0.68768 0.02579 0.14613
0.16000 0.11556 0.67111 0.05333
0.06818 0.10000 0.01364 0.81818
Epoch: 37-----------Training Loss: 0.08190 -------- Testing Loss: 1.66711 -------- Training Acc: 1.00000 -------- Testing Acc: 0.68750 -------- Class Acc: 0.69287
confusion_matrix:
0.62258 0.24194 0.05484 0.08065
0.15473 0.69628 0.02579 0.12321
0.17333 0.09778 0.68444 0.04444
0.07727 0.13182 0.02273 0.76818
Epoch: 38-----------Training Loss: 0.11300 -------- Testing Loss: 1.64466 -------- Training Acc: 1.00000 -------- Testing Acc: 0.69203 -------- Class Acc: 0.69574
confusion_matrix:
0.61935 0.25806 0.05806 0.06452
0.16619 0.71633 0.02292 0.09456
0.13333 0.12444 0.72000 0.02222
0.09545 0.15455 0.02273 0.72727
Epoch: 39-----------Training Loss: 0.12996 -------- Testing Loss: 1.46928 -------- Training Acc: 1.00000 -------- Testing Acc: 0.70199 -------- Class Acc: 0.70622
confusion_matrix:
0.59355 0.25161 0.09032 0.06452
0.14327 0.74499 0.04011 0.07163
0.08000 0.09778 0.80000 0.02222
0.09545 0.19091 0.02727 0.68636
Epoch: 40-----------Training Loss: 0.11325 -------- Testing Loss: 1.64206 -------- Training Acc: 1.00000 -------- Testing Acc: 0.68750 -------- Class Acc: 0.69328
confusion_matrix:
0.56452 0.23871 0.14839 0.04839
0.14040 0.72779 0.06590 0.06590
0.05778 0.08444 0.84444 0.01333
0.10455 0.22727 0.03182 0.63636
Epoch: 41-----------Training Loss: 0.08574 -------- Testing Loss: 1.63153 -------- Training Acc: 1.00000 -------- Testing Acc: 0.69384 -------- Class Acc: 0.69617
confusion_matrix:
0.67742 0.19355 0.06774 0.06129
0.18625 0.68768 0.04298 0.08309
0.15111 0.08889 0.73778 0.02222
0.09545 0.20000 0.02273 0.68182
Epoch: 42-----------Training Loss: 0.04152 -------- Testing Loss: 1.69474 -------- Training Acc: 1.00000 -------- Testing Acc: 0.70109 -------- Class Acc: 0.70784
confusion_matrix:
0.63871 0.20323 0.08710 0.07097
0.16619 0.69628 0.04585 0.09169
0.13333 0.07556 0.76000 0.03111
0.08182 0.15455 0.02727 0.73636
Epoch: 43-----------Training Loss: 0.02467 -------- Testing Loss: 1.75714 -------- Training Acc: 1.00000 -------- Testing Acc: 0.70109 -------- Class Acc: 0.71191
confusion_matrix:
0.64839 0.18065 0.08387 0.08710
0.18625 0.66189 0.05158 0.10029
0.13778 0.07556 0.75556 0.03111
0.08182 0.11364 0.02273 0.78182
Epoch: 44-----------Training Loss: 0.02790 -------- Testing Loss: 1.64535 -------- Training Acc: 1.00000 -------- Testing Acc: 0.70018 -------- Class Acc: 0.70792
confusion_matrix:
0.59677 0.25161 0.07742 0.07419
0.15473 0.71633 0.04011 0.08883
0.08444 0.10667 0.78222 0.02667
0.06818 0.17727 0.01818 0.73636
Epoch: 45-----------Training Loss: 0.03462 -------- Testing Loss: 1.70942 -------- Training Acc: 1.00000 -------- Testing Acc: 0.69656 -------- Class Acc: 0.70262
confusion_matrix:
0.59355 0.26129 0.07097 0.07419
0.15186 0.72493 0.04011 0.08309
0.11111 0.11111 0.75111 0.02667
0.06364 0.18182 0.01364 0.74091
Epoch: 46-----------Training Loss: 0.02467 -------- Testing Loss: 1.84360 -------- Training Acc: 1.00000 -------- Testing Acc: 0.70743 -------- Class Acc: 0.71964
confusion_matrix:
0.65806 0.18065 0.08387 0.07742
0.19198 0.65616 0.05158 0.10029
0.12889 0.08000 0.76889 0.02222
0.08182 0.10455 0.01818 0.79545
Epoch: 47-----------Training Loss: 0.03073 -------- Testing Loss: 1.78176 -------- Training Acc: 1.00000 -------- Testing Acc: 0.70562 -------- Class Acc: 0.71276
confusion_matrix:
0.65484 0.20000 0.07742 0.06774
0.18052 0.69054 0.03725 0.09169
0.14222 0.07556 0.75111 0.03111
0.08636 0.14091 0.01818 0.75455
Epoch: 48-----------Training Loss: 0.02191 -------- Testing Loss: 1.79124 -------- Training Acc: 1.00000 -------- Testing Acc: 0.70199 -------- Class Acc: 0.70961
confusion_matrix:
0.63226 0.22903 0.07419 0.06452
0.16905 0.69628 0.04585 0.08883
0.12889 0.08000 0.76444 0.02667
0.07273 0.15909 0.02273 0.74545
Epoch: 49-----------Training Loss: 0.03346 -------- Testing Loss: 1.75107 -------- Training Acc: 1.00000 -------- Testing Acc: 0.69112 -------- Class Acc: 0.69787
confusion_matrix:
0.60645 0.23871 0.08710 0.06774
0.16332 0.70201 0.04585 0.08883
0.13333 0.09333 0.74667 0.02667
0.06818 0.17727 0.01818 0.73636
Epoch: 50-----------Training Loss: 0.03456 -------- Testing Loss: 1.76233 -------- Training Acc: 1.00000 -------- Testing Acc: 0.69837 -------- Class Acc: 0.71186
confusion_matrix:
0.59355 0.23226 0.08065 0.09355
0.14900 0.67622 0.05158 0.12321
0.09778 0.09333 0.78222 0.02667
0.07273 0.11364 0.01818 0.79545
Best Accuracy:0.70743
Average Top 10 Accuracy:0.70399
Best Class Accuracy:0.71964
Average Top 10 Class Accuracy:0.71396
============================= model ends ===================================

============ model starts, fold 2 ===========
model_parameters: 2625096
model:model1;batch_size:128;out_channels:[64, 16];kernel_size_cnn:[[4, 2], [2, 4]];weight:tensor([0.5000], device='cuda:0');lr:0.001
Epoch: 1-----------Training Loss: 1.17696 -------- Testing Loss: 1.13167 -------- Training Acc: 0.47129 -------- Testing Acc: 0.53170 -------- Class Acc: 0.52936
confusion_matrix:
0.53395 0.25000 0.10185 0.11420
0.21081 0.50270 0.02162 0.26486
0.33333 0.22043 0.37097 0.07527
0.03571 0.24554 0.00893 0.70982
Epoch: 2-----------Training Loss: 1.03256 -------- Testing Loss: 1.11561 -------- Training Acc: 0.57233 -------- Testing Acc: 0.55797 -------- Class Acc: 0.58271
confusion_matrix:
0.55864 0.15123 0.11420 0.17593
0.22162 0.38919 0.02162 0.36757
0.24731 0.12366 0.49462 0.13441
0.04018 0.05357 0.01786 0.88839
Epoch: 3-----------Training Loss: 0.94893 -------- Testing Loss: 1.09377 -------- Training Acc: 0.62319 -------- Testing Acc: 0.58424 -------- Class Acc: 0.59310
confusion_matrix:
0.67901 0.12346 0.03086 0.16667
0.22973 0.41081 0.01351 0.34595
0.35484 0.12366 0.37634 0.14516
0.06696 0.02679 0.00000 0.90625
Epoch: 4-----------Training Loss: 0.86740 -------- Testing Loss: 1.17485 -------- Training Acc: 0.66863 -------- Testing Acc: 0.52899 -------- Class Acc: 0.53056
confusion_matrix:
0.80556 0.04321 0.02160 0.12963
0.48649 0.26216 0.00811 0.24324
0.60753 0.04839 0.26882 0.07527
0.15625 0.05804 0.00000 0.78571
Epoch: 5-----------Training Loss: 0.79544 -------- Testing Loss: 1.11593 -------- Training Acc: 0.71429 -------- Testing Acc: 0.58967 -------- Class Acc: 0.60742
confusion_matrix:
0.65741 0.11111 0.13889 0.09259
0.30270 0.44324 0.08378 0.17027
0.22043 0.10753 0.62366 0.04839
0.20982 0.07589 0.00893 0.70536
Epoch: 6-----------Training Loss: 0.69107 -------- Testing Loss: 1.19487 -------- Training Acc: 0.77554 -------- Testing Acc: 0.59058 -------- Class Acc: 0.61052
confusion_matrix:
0.71605 0.08951 0.11111 0.08333
0.35405 0.38108 0.07838 0.18649
0.30108 0.06989 0.58602 0.04301
0.16071 0.07143 0.00893 0.75893
Epoch: 7-----------Training Loss: 0.59787 -------- Testing Loss: 1.29997 -------- Training Acc: 0.82301 -------- Testing Acc: 0.54167 -------- Class Acc: 0.54447
confusion_matrix:
0.82407 0.04938 0.03395 0.09259
0.49730 0.28378 0.01622 0.20270
0.50000 0.09140 0.36022 0.04839
0.28125 0.00893 0.00000 0.70982
Epoch: 8-----------Training Loss: 0.48884 -------- Testing Loss: 2.45798 -------- Training Acc: 0.88223 -------- Testing Acc: 0.54076 -------- Class Acc: 0.57894
confusion_matrix:
0.50926 0.08025 0.08642 0.32407
0.09730 0.32162 0.04324 0.53784
0.16129 0.08602 0.51613 0.23656
0.01339 0.01786 0.00000 0.96875
Epoch: 9-----------Training Loss: 0.43663 -------- Testing Loss: 2.37566 -------- Training Acc: 0.91524 -------- Testing Acc: 0.54076 -------- Class Acc: 0.55976
confusion_matrix:
0.36420 0.32716 0.05247 0.25617
0.08108 0.51351 0.01622 0.38919
0.10215 0.26882 0.41935 0.20968
0.02679 0.03125 0.00000 0.94196
Epoch: 10-----------Training Loss: 0.45075 -------- Testing Loss: 3.81921 -------- Training Acc: 0.92428 -------- Testing Acc: 0.47645 -------- Class Acc: 0.49384
confusion_matrix:
0.54630 0.11728 0.01235 0.32407
0.18649 0.25946 0.00270 0.55135
0.29570 0.16667 0.23656 0.30108
0.05804 0.00893 0.00000 0.93304
Epoch: 11-----------Training Loss: 0.34668 -------- Testing Loss: 1.94800 -------- Training Acc: 0.95547 -------- Testing Acc: 0.59239 -------- Class Acc: 0.62016
confusion_matrix:
0.69444 0.05864 0.08025 0.16667
0.24865 0.33784 0.04595 0.36757
0.23656 0.07527 0.53763 0.15054
0.06696 0.01786 0.00446 0.91071
Epoch: 12-----------Training Loss: 0.28480 -------- Testing Loss: 1.31317 -------- Training Acc: 0.97378 -------- Testing Acc: 0.66304 -------- Class Acc: 0.64859
confusion_matrix:
0.64506 0.21296 0.06173 0.08025
0.14324 0.72162 0.04324 0.09189
0.18817 0.25806 0.50000 0.05376
0.09821 0.16518 0.00893 0.72768
Epoch: 13-----------Training Loss: 0.23373 -------- Testing Loss: 1.42475 -------- Training Acc: 0.98734 -------- Testing Acc: 0.65127 -------- Class Acc: 0.65312
confusion_matrix:
0.54321 0.29630 0.08333 0.07716
0.09189 0.70811 0.07568 0.12432
0.11828 0.21505 0.62903 0.03763
0.09375 0.15625 0.01786 0.73214
Epoch: 14-----------Training Loss: 0.20000 -------- Testing Loss: 1.33655 -------- Training Acc: 0.99661 -------- Testing Acc: 0.68116 -------- Class Acc: 0.68564
confusion_matrix:
0.70988 0.12963 0.06481 0.09568
0.20270 0.61622 0.05405 0.12703
0.18280 0.14516 0.61290 0.05914
0.08929 0.09821 0.00893 0.80357
Epoch: 15-----------Training Loss: 0.19825 -------- Testing Loss: 1.39162 -------- Training Acc: 0.99706 -------- Testing Acc: 0.68207 -------- Class Acc: 0.67192
confusion_matrix:
0.67901 0.17901 0.07099 0.07099
0.18108 0.72703 0.04054 0.05135
0.17204 0.18817 0.60753 0.03226
0.13393 0.17411 0.01786 0.67411
Epoch: 16-----------Training Loss: 0.20812 -------- Testing Loss: 1.40231 -------- Training Acc: 0.99774 -------- Testing Acc: 0.65761 -------- Class Acc: 0.66405
confusion_matrix:
0.65432 0.17901 0.05247 0.11420
0.17568 0.59189 0.04865 0.18378
0.19355 0.18280 0.54839 0.07527
0.06250 0.07143 0.00446 0.86161
Epoch: 17-----------Training Loss: 0.16159 -------- Testing Loss: 1.66267 -------- Training Acc: 0.99910 -------- Testing Acc: 0.66486 -------- Class Acc: 0.63907
confusion_matrix:
0.69753 0.20679 0.00926 0.08642
0.14865 0.72703 0.01351 0.11081
0.24731 0.29570 0.38172 0.07527
0.09375 0.15179 0.00446 0.75000
Epoch: 18-----------Training Loss: 0.19418 -------- Testing Loss: 1.51983 -------- Training Acc: 0.99887 -------- Testing Acc: 0.67482 -------- Class Acc: 0.67642
confusion_matrix:
0.70370 0.14506 0.03086 0.12037
0.18649 0.60811 0.02432 0.18108
0.17742 0.19355 0.53226 0.09677
0.06696 0.05804 0.01339 0.86161
Epoch: 19-----------Training Loss: 0.19773 -------- Testing Loss: 1.40428 -------- Training Acc: 0.99932 -------- Testing Acc: 0.68931 -------- Class Acc: 0.67791
confusion_matrix:
0.74074 0.15123 0.04938 0.05864
0.18108 0.70000 0.05135 0.06757
0.19355 0.16667 0.59677 0.04301
0.10714 0.20536 0.01339 0.67411
Epoch: 20-----------Training Loss: 0.15514 -------- Testing Loss: 1.46531 -------- Training Acc: 0.99955 -------- Testing Acc: 0.67120 -------- Class Acc: 0.67183
confusion_matrix:
0.74074 0.12037 0.04938 0.08951
0.22162 0.59189 0.06216 0.12432
0.21505 0.15054 0.56452 0.06989
0.10714 0.09375 0.00893 0.79018
Epoch: 21-----------Training Loss: 0.17362 -------- Testing Loss: 1.42493 -------- Training Acc: 1.00000 -------- Testing Acc: 0.67572 -------- Class Acc: 0.67696
confusion_matrix:
0.75926 0.10802 0.06790 0.06481
0.23243 0.59459 0.07297 0.10000
0.20430 0.13441 0.61290 0.04839
0.12500 0.12054 0.01339 0.74107
Epoch: 22-----------Training Loss: 0.15516 -------- Testing Loss: 1.47332 -------- Training Acc: 0.99977 -------- Testing Acc: 0.67935 -------- Class Acc: 0.68031
confusion_matrix:
0.73148 0.12346 0.06481 0.08025
0.20270 0.61622 0.06486 0.11622
0.19892 0.14516 0.59677 0.05914
0.11161 0.09821 0.01339 0.77679
Epoch: 23-----------Training Loss: 0.13899 -------- Testing Loss: 1.46444 -------- Training Acc: 1.00000 -------- Testing Acc: 0.67210 -------- Class Acc: 0.67278
confusion_matrix:
0.61420 0.20679 0.08642 0.09259
0.12973 0.68378 0.06216 0.12432
0.12903 0.22581 0.58065 0.06452
0.07589 0.09821 0.01339 0.81250
Epoch: 24-----------Training Loss: 0.10975 -------- Testing Loss: 1.56222 -------- Training Acc: 1.00000 -------- Testing Acc: 0.67844 -------- Class Acc: 0.68099
confusion_matrix:
0.62654 0.20062 0.08333 0.08951
0.12973 0.67568 0.05135 0.14324
0.11828 0.23118 0.59140 0.05914
0.07143 0.08929 0.00893 0.83036
Epoch: 25-----------Training Loss: 0.11818 -------- Testing Loss: 1.50162 -------- Training Acc: 1.00000 -------- Testing Acc: 0.67572 -------- Class Acc: 0.67583
confusion_matrix:
0.65432 0.16975 0.07716 0.09877
0.14865 0.66216 0.06216 0.12703
0.15054 0.20968 0.56989 0.06989
0.07143 0.10268 0.00893 0.81696
Epoch: 26-----------Training Loss: 0.12239 -------- Testing Loss: 1.67080 -------- Training Acc: 1.00000 -------- Testing Acc: 0.65489 -------- Class Acc: 0.65987
confusion_matrix:
0.55556 0.23457 0.08642 0.12346
0.10811 0.67027 0.06216 0.15946
0.11828 0.22581 0.56989 0.08602
0.06250 0.08482 0.00893 0.84375
