
============ model starts, fold 0 ===========
model_parameters: 3732296
model:model4;batch_size:128;out_channels:[64, 16];kernel_size_cnn:[[4, 2], [2, 4]];weight:0.5;lr:0.001
Epoch: 1-----------Training Loss: 1.17064 -------- Testing Loss: 1.10339 -------- Training Acc: 0.49096 -------- Testing Acc: 0.55072 -------- Class Acc: 0.55220
confusion_matrix:
0.61250 0.19062 0.08125 0.11563
0.24691 0.50926 0.03086 0.21296
0.34000 0.12400 0.46800 0.06800
0.05714 0.30476 0.01905 0.61905
Epoch: 2-----------Training Loss: 1.02323 -------- Testing Loss: 1.03638 -------- Training Acc: 0.58476 -------- Testing Acc: 0.59420 -------- Class Acc: 0.62314
confusion_matrix:
0.46875 0.15625 0.23750 0.13750
0.19753 0.43827 0.07716 0.28704
0.06400 0.06800 0.77600 0.09200
0.04286 0.11429 0.03333 0.80952
Epoch: 3-----------Training Loss: 0.93337 -------- Testing Loss: 1.08470 -------- Training Acc: 0.64263 -------- Testing Acc: 0.61051 -------- Class Acc: 0.62296
confusion_matrix:
0.61250 0.10625 0.20625 0.07500
0.32407 0.44753 0.10494 0.12346
0.08000 0.08800 0.80800 0.02400
0.16190 0.16190 0.05238 0.62381
Epoch: 4-----------Training Loss: 0.83085 -------- Testing Loss: 0.97975 -------- Training Acc: 0.70434 -------- Testing Acc: 0.62772 -------- Class Acc: 0.64551
confusion_matrix:
0.73750 0.08125 0.06250 0.11875
0.30556 0.37654 0.05864 0.25926
0.21600 0.05200 0.66800 0.06400
0.15238 0.04286 0.00476 0.80000
Epoch: 5-----------Training Loss: 0.72112 -------- Testing Loss: 1.03168 -------- Training Acc: 0.76673 -------- Testing Acc: 0.63678 -------- Class Acc: 0.63319
confusion_matrix:
0.64687 0.22187 0.05000 0.08125
0.16049 0.67901 0.03395 0.12654
0.23600 0.15600 0.56400 0.04400
0.10952 0.23333 0.01429 0.64286
Epoch: 6-----------Training Loss: 0.60002 -------- Testing Loss: 1.64078 -------- Training Acc: 0.83544 -------- Testing Acc: 0.54348 -------- Class Acc: 0.55554
confusion_matrix:
0.80625 0.05937 0.01250 0.12187
0.41975 0.29630 0.00926 0.27469
0.62400 0.04000 0.27200 0.06400
0.12381 0.02381 0.00476 0.84762
Epoch: 7-----------Training Loss: 0.52141 -------- Testing Loss: 1.47705 -------- Training Acc: 0.88404 -------- Testing Acc: 0.59692 -------- Class Acc: 0.61904
confusion_matrix:
0.44062 0.14375 0.32500 0.09062
0.18210 0.49383 0.18210 0.14198
0.03600 0.06800 0.85600 0.04000
0.12381 0.12857 0.06190 0.68571
Epoch: 8-----------Training Loss: 0.47929 -------- Testing Loss: 1.37864 -------- Training Acc: 0.92156 -------- Testing Acc: 0.62500 -------- Class Acc: 0.62501
confusion_matrix:
0.63125 0.18125 0.08125 0.10625
0.16358 0.62346 0.07099 0.14198
0.26000 0.08800 0.61200 0.04000
0.13810 0.20476 0.02381 0.63333
Epoch: 9-----------Training Loss: 0.40372 -------- Testing Loss: 1.74740 -------- Training Acc: 0.94892 -------- Testing Acc: 0.61957 -------- Class Acc: 0.63981
confusion_matrix:
0.74687 0.05000 0.07187 0.13125
0.37963 0.31790 0.07407 0.22840
0.21600 0.04000 0.70400 0.04000
0.11429 0.05714 0.03810 0.79048
Epoch: 10-----------Training Loss: 0.37154 -------- Testing Loss: 1.82394 -------- Training Acc: 0.96722 -------- Testing Acc: 0.59420 -------- Class Acc: 0.62622
confusion_matrix:
0.59375 0.03438 0.20312 0.16875
0.27469 0.28086 0.15432 0.29012
0.10000 0.04000 0.81600 0.04400
0.11905 0.01905 0.04762 0.81429
Epoch: 11-----------Training Loss: 0.32736 -------- Testing Loss: 1.39583 -------- Training Acc: 0.98101 -------- Testing Acc: 0.66848 -------- Class Acc: 0.68614
confusion_matrix:
0.72813 0.07187 0.10000 0.10000
0.30556 0.44444 0.08025 0.16975
0.12400 0.07600 0.77200 0.02800
0.12381 0.05714 0.01905 0.80000
Epoch: 12-----------Training Loss: 0.29998 -------- Testing Loss: 1.31827 -------- Training Acc: 0.99073 -------- Testing Acc: 0.69746 -------- Class Acc: 0.70680
confusion_matrix:
0.77812 0.09062 0.04688 0.08438
0.25617 0.54012 0.05247 0.15123
0.13200 0.10000 0.72800 0.04000
0.10476 0.09524 0.01905 0.78095
Epoch: 13-----------Training Loss: 0.28900 -------- Testing Loss: 1.28602 -------- Training Acc: 0.99706 -------- Testing Acc: 0.67482 -------- Class Acc: 0.68541
confusion_matrix:
0.81250 0.05937 0.02187 0.10625
0.33025 0.46914 0.04321 0.15741
0.24800 0.07200 0.66000 0.02000
0.12857 0.05714 0.01429 0.80000
Epoch: 14-----------Training Loss: 0.23794 -------- Testing Loss: 1.17761 -------- Training Acc: 0.99955 -------- Testing Acc: 0.69928 -------- Class Acc: 0.70358
confusion_matrix:
0.72813 0.14375 0.04375 0.08438
0.21296 0.64506 0.04321 0.09877
0.15200 0.15200 0.68400 0.01200
0.09524 0.13810 0.00952 0.75714
Epoch: 15-----------Training Loss: 0.19902 -------- Testing Loss: 1.28167 -------- Training Acc: 0.99955 -------- Testing Acc: 0.69746 -------- Class Acc: 0.71044
confusion_matrix:
0.73438 0.09688 0.06250 0.10625
0.23457 0.55556 0.05247 0.15741
0.15600 0.09200 0.72800 0.02400
0.08571 0.08095 0.00952 0.82381
Epoch: 16-----------Training Loss: 0.19796 -------- Testing Loss: 1.28926 -------- Training Acc: 0.99977 -------- Testing Acc: 0.70380 -------- Class Acc: 0.71640
confusion_matrix:
0.74375 0.09062 0.06250 0.10312
0.23148 0.55556 0.05864 0.15432
0.13600 0.10000 0.75200 0.01200
0.08571 0.08571 0.01429 0.81429
Epoch: 17-----------Training Loss: 0.17920 -------- Testing Loss: 1.30935 -------- Training Acc: 1.00000 -------- Testing Acc: 0.71105 -------- Class Acc: 0.72158
confusion_matrix:
0.76875 0.08125 0.05312 0.09688
0.23765 0.56481 0.05556 0.14198
0.13600 0.09200 0.74800 0.02400
0.08571 0.10000 0.00952 0.80476
Epoch: 18-----------Training Loss: 0.18212 -------- Testing Loss: 1.28926 -------- Training Acc: 1.00000 -------- Testing Acc: 0.70833 -------- Class Acc: 0.71789
confusion_matrix:
0.74062 0.10938 0.06563 0.08438
0.22531 0.59568 0.06173 0.11728
0.14800 0.10000 0.74000 0.01200
0.09524 0.09524 0.01429 0.79524
Epoch: 19-----------Training Loss: 0.20084 -------- Testing Loss: 1.30892 -------- Training Acc: 1.00000 -------- Testing Acc: 0.71014 -------- Class Acc: 0.72283
confusion_matrix:
0.70937 0.11250 0.06875 0.10938
0.18519 0.59568 0.06481 0.15432
0.09200 0.11200 0.77200 0.02400
0.08095 0.09048 0.01429 0.81429
Epoch: 20-----------Training Loss: 0.20533 -------- Testing Loss: 1.25901 -------- Training Acc: 0.99932 -------- Testing Acc: 0.71467 -------- Class Acc: 0.72130
confusion_matrix:
0.68750 0.17500 0.04688 0.09062
0.15741 0.69444 0.03086 0.11728
0.12000 0.15200 0.70800 0.02000
0.07143 0.12381 0.00952 0.79524
Epoch: 21-----------Training Loss: 0.16434 -------- Testing Loss: 1.33061 -------- Training Acc: 0.99955 -------- Testing Acc: 0.69837 -------- Class Acc: 0.70479
confusion_matrix:
0.65312 0.22187 0.04063 0.08438
0.14815 0.70679 0.02778 0.11728
0.14000 0.17200 0.66400 0.02400
0.07619 0.11905 0.00952 0.79524
Epoch: 22-----------Training Loss: 0.16119 -------- Testing Loss: 1.35375 -------- Training Acc: 1.00000 -------- Testing Acc: 0.71558 -------- Class Acc: 0.72452
confusion_matrix:
0.60625 0.22812 0.07812 0.08750
0.10185 0.74383 0.03704 0.11728
0.07200 0.16000 0.74800 0.02000
0.06190 0.12381 0.01429 0.80000
Epoch: 23-----------Training Loss: 0.16293 -------- Testing Loss: 1.32947 -------- Training Acc: 1.00000 -------- Testing Acc: 0.71467 -------- Class Acc: 0.72612
confusion_matrix:
0.59688 0.23125 0.07500 0.09688
0.11420 0.72531 0.03704 0.12346
0.06800 0.14800 0.76800 0.01600
0.05714 0.11905 0.00952 0.81429
Epoch: 24-----------Training Loss: 0.11190 -------- Testing Loss: 1.37688 -------- Training Acc: 1.00000 -------- Testing Acc: 0.70743 -------- Class Acc: 0.71627
confusion_matrix:
0.62813 0.22187 0.05000 0.10000
0.13889 0.71296 0.03395 0.11420
0.10000 0.17200 0.72400 0.00400
0.06667 0.12381 0.00952 0.80000
Epoch: 25-----------Training Loss: 0.11529 -------- Testing Loss: 1.42494 -------- Training Acc: 1.00000 -------- Testing Acc: 0.69837 -------- Class Acc: 0.70792
confusion_matrix:
0.59375 0.25000 0.05000 0.10625
0.10494 0.72840 0.03086 0.13580
0.10400 0.17200 0.70000 0.02400
0.06190 0.11905 0.00952 0.80952
Epoch: 26-----------Training Loss: 0.11279 -------- Testing Loss: 1.43278 -------- Training Acc: 1.00000 -------- Testing Acc: 0.70380 -------- Class Acc: 0.71523
confusion_matrix:
0.61250 0.22812 0.05312 0.10625
0.12037 0.70062 0.03704 0.14198
0.08800 0.16400 0.72400 0.02400
0.07143 0.09524 0.00952 0.82381
Epoch: 27-----------Training Loss: 0.12929 -------- Testing Loss: 1.34249 -------- Training Acc: 1.00000 -------- Testing Acc: 0.70743 -------- Class Acc: 0.72040
confusion_matrix:
0.65938 0.16875 0.07187 0.10000
0.17284 0.63272 0.05864 0.13580
0.07600 0.13200 0.78000 0.01200
0.07143 0.10000 0.01905 0.80952
Epoch: 28-----------Training Loss: 0.10505 -------- Testing Loss: 1.46282 -------- Training Acc: 1.00000 -------- Testing Acc: 0.70018 -------- Class Acc: 0.70660
confusion_matrix:
0.71562 0.14688 0.04375 0.09375
0.19136 0.64506 0.03704 0.12654
0.16000 0.15200 0.68000 0.00800
0.09048 0.10952 0.01429 0.78571
Epoch: 29-----------Training Loss: 0.07088 -------- Testing Loss: 1.48487 -------- Training Acc: 1.00000 -------- Testing Acc: 0.70109 -------- Class Acc: 0.71143
confusion_matrix:
0.67188 0.17500 0.04688 0.10625
0.15432 0.66049 0.03395 0.15123
0.14000 0.15200 0.68000 0.02800
0.06667 0.09048 0.00952 0.83333
Epoch: 30-----------Training Loss: 0.06296 -------- Testing Loss: 1.65741 -------- Training Acc: 1.00000 -------- Testing Acc: 0.70199 -------- Class Acc: 0.71489
confusion_matrix:
0.66875 0.15313 0.05000 0.12812
0.15123 0.64815 0.02469 0.17593
0.12400 0.14800 0.67600 0.05200
0.06667 0.05714 0.00952 0.86667
Epoch: 31-----------Training Loss: 0.06479 -------- Testing Loss: 1.56689 -------- Training Acc: 1.00000 -------- Testing Acc: 0.71196 -------- Class Acc: 0.71881
confusion_matrix:
0.63125 0.20625 0.05312 0.10938
0.12346 0.74074 0.02778 0.10802
0.09600 0.17600 0.70800 0.02000
0.07143 0.12381 0.00952 0.79524
Epoch: 32-----------Training Loss: 0.06874 -------- Testing Loss: 1.56000 -------- Training Acc: 0.99977 -------- Testing Acc: 0.70833 -------- Class Acc: 0.71670
confusion_matrix:
0.65312 0.19687 0.04063 0.10938
0.14198 0.70988 0.02469 0.12346
0.13200 0.16000 0.68000 0.02800
0.06667 0.10000 0.00952 0.82381
Epoch: 33-----------Training Loss: 0.07451 -------- Testing Loss: 1.58065 -------- Training Acc: 1.00000 -------- Testing Acc: 0.69293 -------- Class Acc: 0.70138
confusion_matrix:
0.63125 0.20625 0.05312 0.10938
0.13580 0.68210 0.03395 0.14815
0.08800 0.16800 0.71600 0.02800
0.09048 0.11905 0.01429 0.77619
Epoch: 34-----------Training Loss: 0.07040 -------- Testing Loss: 1.55360 -------- Training Acc: 1.00000 -------- Testing Acc: 0.70290 -------- Class Acc: 0.71088
confusion_matrix:
0.63750 0.20938 0.05312 0.10000
0.12346 0.70679 0.02778 0.14198
0.10800 0.15600 0.70400 0.03200
0.08571 0.10476 0.01429 0.79524
Epoch: 35-----------Training Loss: 0.07682 -------- Testing Loss: 1.58941 -------- Training Acc: 1.00000 -------- Testing Acc: 0.70018 -------- Class Acc: 0.70906
confusion_matrix:
0.57500 0.25938 0.05937 0.10625
0.09568 0.75000 0.02778 0.12654
0.07200 0.18800 0.71600 0.02400
0.06667 0.12857 0.00952 0.79524
Epoch: 36-----------Training Loss: 0.09958 -------- Testing Loss: 1.59525 -------- Training Acc: 0.99977 -------- Testing Acc: 0.69293 -------- Class Acc: 0.69598
confusion_matrix:
0.55937 0.28750 0.05625 0.09688
0.09259 0.80247 0.02469 0.08025
0.10400 0.19600 0.68400 0.01600
0.07619 0.17619 0.00952 0.73810
Epoch: 37-----------Training Loss: 0.10463 -------- Testing Loss: 1.51468 -------- Training Acc: 1.00000 -------- Testing Acc: 0.71286 -------- Class Acc: 0.72561
confusion_matrix:
0.60000 0.20938 0.06875 0.12187
0.10802 0.70988 0.02778 0.15432
0.06400 0.14400 0.76400 0.02800
0.05714 0.09524 0.01905 0.82857
Epoch: 38-----------Training Loss: 0.09795 -------- Testing Loss: 1.55533 -------- Training Acc: 1.00000 -------- Testing Acc: 0.70562 -------- Class Acc: 0.71252
confusion_matrix:
0.66563 0.19062 0.03750 0.10625
0.15123 0.70370 0.02160 0.12346
0.13600 0.15600 0.67600 0.03200
0.07143 0.10952 0.01429 0.80476
Epoch: 39-----------Training Loss: 0.08395 -------- Testing Loss: 1.60663 -------- Training Acc: 1.00000 -------- Testing Acc: 0.69746 -------- Class Acc: 0.70330
confusion_matrix:
0.66875 0.19687 0.03750 0.09688
0.15123 0.68827 0.02160 0.13889
0.12400 0.16800 0.68000 0.02800
0.08095 0.13333 0.00952 0.77619
Epoch: 40-----------Training Loss: 0.09865 -------- Testing Loss: 1.48333 -------- Training Acc: 1.00000 -------- Testing Acc: 0.71014 -------- Class Acc: 0.72121
confusion_matrix:
0.68750 0.13750 0.07812 0.09688
0.18210 0.62037 0.08333 0.11420
0.07600 0.10800 0.79600 0.02000
0.10000 0.10476 0.01429 0.78095
Epoch: 41-----------Training Loss: 0.11078 -------- Testing Loss: 1.67373 -------- Training Acc: 1.00000 -------- Testing Acc: 0.68025 -------- Class Acc: 0.69179
confusion_matrix:
0.61562 0.12812 0.17500 0.08125
0.17593 0.59877 0.15432 0.07099
0.04400 0.10400 0.84800 0.00400
0.12857 0.12857 0.03810 0.70476
Epoch: 42-----------Training Loss: 0.11591 -------- Testing Loss: 1.51670 -------- Training Acc: 1.00000 -------- Testing Acc: 0.70833 -------- Class Acc: 0.71272
confusion_matrix:
0.63438 0.19375 0.10000 0.07187
0.15741 0.72222 0.05247 0.06790
0.06800 0.14000 0.78000 0.01200
0.12857 0.14286 0.01429 0.71429
Epoch: 43-----------Training Loss: 0.05090 -------- Testing Loss: 1.60386 -------- Training Acc: 1.00000 -------- Testing Acc: 0.71014 -------- Class Acc: 0.72278
confusion_matrix:
0.69063 0.11875 0.08125 0.10938
0.19753 0.61420 0.05864 0.12963
0.09600 0.10400 0.77200 0.02800
0.09048 0.07619 0.01905 0.81429
Epoch: 44-----------Training Loss: 0.02384 -------- Testing Loss: 1.72645 -------- Training Acc: 1.00000 -------- Testing Acc: 0.70380 -------- Class Acc: 0.70677
confusion_matrix:
0.74687 0.12500 0.03750 0.09062
0.24074 0.63889 0.02778 0.09259
0.14400 0.13200 0.70800 0.01600
0.13333 0.11905 0.01429 0.73333
Epoch: 45-----------Training Loss: 0.02268 -------- Testing Loss: 1.80335 -------- Training Acc: 1.00000 -------- Testing Acc: 0.70199 -------- Class Acc: 0.70575
confusion_matrix:
0.75625 0.11563 0.04688 0.08125
0.24383 0.61420 0.04630 0.09568
0.16000 0.10400 0.72400 0.01200
0.13810 0.11905 0.01429 0.72857
Epoch: 46-----------Training Loss: 0.02926 -------- Testing Loss: 1.76607 -------- Training Acc: 1.00000 -------- Testing Acc: 0.70562 -------- Class Acc: 0.71087
confusion_matrix:
0.75938 0.10938 0.04375 0.08750
0.25617 0.61420 0.04012 0.08951
0.16000 0.12000 0.70800 0.01200
0.13333 0.09048 0.01429 0.76190
Epoch: 47-----------Training Loss: 0.02227 -------- Testing Loss: 1.79101 -------- Training Acc: 1.00000 -------- Testing Acc: 0.69475 -------- Class Acc: 0.69651
confusion_matrix:
0.71250 0.15937 0.04688 0.08125
0.21605 0.65432 0.04630 0.08333
0.13600 0.12400 0.72400 0.01600
0.14762 0.14286 0.01429 0.69524
Epoch: 48-----------Training Loss: 0.02128 -------- Testing Loss: 1.85047 -------- Training Acc: 1.00000 -------- Testing Acc: 0.69112 -------- Class Acc: 0.69354
confusion_matrix:
0.73750 0.14375 0.04063 0.07812
0.24691 0.62963 0.04012 0.08333
0.16400 0.13600 0.68800 0.01200
0.14286 0.12381 0.01429 0.71905
Epoch: 49-----------Training Loss: 0.02234 -------- Testing Loss: 1.72178 -------- Training Acc: 1.00000 -------- Testing Acc: 0.71558 -------- Class Acc: 0.71887
confusion_matrix:
0.68750 0.16250 0.06563 0.08438
0.16358 0.69444 0.07099 0.07099
0.07600 0.12800 0.78400 0.01200
0.11905 0.15714 0.01429 0.70952
Epoch: 50-----------Training Loss: 0.01545 -------- Testing Loss: 1.81589 -------- Training Acc: 1.00000 -------- Testing Acc: 0.70652 -------- Class Acc: 0.70748
confusion_matrix:
0.68125 0.17500 0.06250 0.08125
0.17284 0.70370 0.06481 0.05864
0.08800 0.14000 0.76400 0.00800
0.12381 0.18095 0.01429 0.68095
Best Accuracy:0.71558
Average Top 10 Accuracy:0.71467
Best Class Accuracy:0.72612
Average Top 10 Class Accuracy:0.72437
============================= model ends ===================================

============ model starts, fold 1 ===========
model_parameters: 3732296
model:model4;batch_size:128;out_channels:[64, 16];kernel_size_cnn:[[4, 2], [2, 4]];weight:tensor([0.5000], device='cuda:0');lr:0.001
Epoch: 1-----------Training Loss: 1.16661 -------- Testing Loss: 1.11460 -------- Training Acc: 0.49299 -------- Testing Acc: 0.53623 -------- Class Acc: 0.53856
confusion_matrix:
0.62581 0.20645 0.07419 0.09355
0.30372 0.46418 0.00287 0.22923
0.48000 0.09778 0.37333 0.04889
0.10455 0.20455 0.00000 0.69091
Epoch: 2-----------Training Loss: 1.02506 -------- Testing Loss: 0.98388 -------- Training Acc: 0.58838 -------- Testing Acc: 0.59964 -------- Class Acc: 0.62139
confusion_matrix:
0.60323 0.17742 0.10645 0.11290
0.27507 0.44699 0.03438 0.24355
0.22667 0.08000 0.64444 0.04889
0.10909 0.07727 0.02273 0.79091
Epoch: 3-----------Training Loss: 0.92764 -------- Testing Loss: 1.05748 -------- Training Acc: 0.64421 -------- Testing Acc: 0.58062 -------- Class Acc: 0.60398
confusion_matrix:
0.76129 0.08710 0.05484 0.09677
0.43553 0.29513 0.03438 0.23496
0.33778 0.03111 0.58222 0.04889
0.15909 0.05455 0.00909 0.77727
Epoch: 4-----------Training Loss: 0.82798 -------- Testing Loss: 1.49693 -------- Training Acc: 0.70728 -------- Testing Acc: 0.50634 -------- Class Acc: 0.51170
confusion_matrix:
0.85484 0.05484 0.00968 0.08065
0.53009 0.23782 0.00000 0.23209
0.72444 0.02222 0.21778 0.03556
0.24545 0.01818 0.00000 0.73636
Epoch: 5-----------Training Loss: 0.70782 -------- Testing Loss: 1.40991 -------- Training Acc: 0.77984 -------- Testing Acc: 0.56069 -------- Class Acc: 0.59156
confusion_matrix:
0.50968 0.10968 0.32903 0.05161
0.28940 0.37536 0.20917 0.12607
0.10667 0.04889 0.82667 0.01778
0.23636 0.05909 0.05000 0.65455
Epoch: 6-----------Training Loss: 0.59387 -------- Testing Loss: 1.75225 -------- Training Acc: 0.84448 -------- Testing Acc: 0.55072 -------- Class Acc: 0.58703
confusion_matrix:
0.64839 0.06452 0.20000 0.08710
0.44126 0.22923 0.14900 0.18052
0.25333 0.03111 0.69778 0.01778
0.17727 0.03182 0.01818 0.77273
Epoch: 7-----------Training Loss: 0.49581 -------- Testing Loss: 1.82518 -------- Training Acc: 0.88788 -------- Testing Acc: 0.55435 -------- Class Acc: 0.55816
confusion_matrix:
0.80645 0.10000 0.01290 0.08065
0.46991 0.36103 0.02006 0.14900
0.60000 0.05333 0.33333 0.01333
0.20909 0.05909 0.00000 0.73182
Epoch: 8-----------Training Loss: 0.46693 -------- Testing Loss: 1.75533 -------- Training Acc: 0.91546 -------- Testing Acc: 0.56975 -------- Class Acc: 0.59426
confusion_matrix:
0.65806 0.13871 0.03548 0.16774
0.27507 0.34384 0.03152 0.34957
0.35111 0.06222 0.49333 0.09333
0.10455 0.00455 0.00909 0.88182
Epoch: 9-----------Training Loss: 0.38437 -------- Testing Loss: 1.45661 -------- Training Acc: 0.93671 -------- Testing Acc: 0.64312 -------- Class Acc: 0.65672
confusion_matrix:
0.55806 0.22903 0.14516 0.06774
0.18625 0.60458 0.06877 0.14040
0.08444 0.12000 0.77333 0.02222
0.17273 0.10455 0.03182 0.69091
Epoch: 10-----------Training Loss: 0.32926 -------- Testing Loss: 1.57102 -------- Training Acc: 0.96587 -------- Testing Acc: 0.62772 -------- Class Acc: 0.64635
confusion_matrix:
0.28065 0.32581 0.30968 0.08387
0.06304 0.73352 0.10602 0.09742
0.02222 0.09778 0.86667 0.01333
0.10000 0.15000 0.04545 0.70455
Epoch: 11-----------Training Loss: 0.31469 -------- Testing Loss: 1.25495 -------- Training Acc: 0.97446 -------- Testing Acc: 0.65942 -------- Class Acc: 0.67318
confusion_matrix:
0.58710 0.21290 0.10000 0.10000
0.19484 0.61318 0.03438 0.15759
0.14222 0.07556 0.73333 0.04889
0.14545 0.08182 0.01364 0.75909
Epoch: 12-----------Training Loss: 0.29485 -------- Testing Loss: 1.34217 -------- Training Acc: 0.99028 -------- Testing Acc: 0.66486 -------- Class Acc: 0.67295
confusion_matrix:
0.65161 0.20645 0.08387 0.05806
0.25215 0.61605 0.04585 0.08596
0.19111 0.05778 0.73778 0.01333
0.10455 0.19091 0.01818 0.68636
Epoch: 13-----------Training Loss: 0.24299 -------- Testing Loss: 1.46375 -------- Training Acc: 0.99458 -------- Testing Acc: 0.65942 -------- Class Acc: 0.66498
confusion_matrix:
0.70323 0.15161 0.08710 0.05806
0.28940 0.58739 0.04011 0.08309
0.19111 0.04889 0.75111 0.00889
0.26818 0.10909 0.00455 0.61818
Epoch: 14-----------Training Loss: 0.22908 -------- Testing Loss: 1.30256 -------- Training Acc: 0.99729 -------- Testing Acc: 0.70109 -------- Class Acc: 0.71014
confusion_matrix:
0.56129 0.26774 0.09677 0.07419
0.14327 0.73352 0.03152 0.09169
0.09333 0.10667 0.78667 0.01333
0.11818 0.11364 0.00909 0.75909
Epoch: 15-----------Training Loss: 0.24099 -------- Testing Loss: 1.21719 -------- Training Acc: 0.99932 -------- Testing Acc: 0.69746 -------- Class Acc: 0.69778
confusion_matrix:
0.62258 0.24516 0.08065 0.05161
0.16332 0.74499 0.03152 0.06017
0.13333 0.09333 0.76444 0.00889
0.14091 0.18636 0.01364 0.65909
Epoch: 16-----------Training Loss: 0.20107 -------- Testing Loss: 1.27613 -------- Training Acc: 1.00000 -------- Testing Acc: 0.70652 -------- Class Acc: 0.71756
confusion_matrix:
0.56452 0.22903 0.12581 0.08065
0.14040 0.72493 0.05731 0.07736
0.07556 0.07111 0.84444 0.00889
0.13182 0.11818 0.01364 0.73636
Epoch: 17-----------Training Loss: 0.15513 -------- Testing Loss: 1.38215 -------- Training Acc: 1.00000 -------- Testing Acc: 0.69384 -------- Class Acc: 0.70013
confusion_matrix:
0.70323 0.15161 0.07742 0.06774
0.24355 0.64183 0.03725 0.07736
0.17778 0.04889 0.76000 0.01333
0.16364 0.12727 0.01364 0.69545
Epoch: 18-----------Training Loss: 0.15669 -------- Testing Loss: 1.59170 -------- Training Acc: 1.00000 -------- Testing Acc: 0.68478 -------- Class Acc: 0.69752
confusion_matrix:
0.71935 0.12581 0.09032 0.06452
0.28080 0.57020 0.06017 0.08883
0.16444 0.04000 0.77778 0.01778
0.17727 0.08636 0.01364 0.72273
Epoch: 19-----------Training Loss: 0.18196 -------- Testing Loss: 1.32533 -------- Training Acc: 1.00000 -------- Testing Acc: 0.69475 -------- Class Acc: 0.69393
confusion_matrix:
0.66129 0.21935 0.04839 0.07097
0.17479 0.72493 0.01719 0.08309
0.17333 0.12444 0.66222 0.04000
0.14091 0.12727 0.00455 0.72727
Epoch: 20-----------Training Loss: 0.14961 -------- Testing Loss: 1.37592 -------- Training Acc: 0.99977 -------- Testing Acc: 0.69656 -------- Class Acc: 0.70142
confusion_matrix:
0.65806 0.19032 0.07419 0.07742
0.18338 0.69054 0.02865 0.09742
0.16444 0.12000 0.68889 0.02667
0.13182 0.09091 0.00909 0.76818
Epoch: 21-----------Training Loss: 0.13377 -------- Testing Loss: 1.41703 -------- Training Acc: 1.00000 -------- Testing Acc: 0.71196 -------- Class Acc: 0.72538
confusion_matrix:
0.65484 0.16452 0.10645 0.07419
0.19484 0.65616 0.06017 0.08883
0.10222 0.06222 0.81778 0.01778
0.12273 0.07727 0.02727 0.77273
Epoch: 22-----------Training Loss: 0.09731 -------- Testing Loss: 1.47575 -------- Training Acc: 1.00000 -------- Testing Acc: 0.70471 -------- Class Acc: 0.71272
confusion_matrix:
0.69032 0.16452 0.05484 0.09032
0.20917 0.65903 0.03152 0.10029
0.16000 0.08444 0.73333 0.02222
0.12727 0.10000 0.00455 0.76818
Epoch: 23-----------Training Loss: 0.10204 -------- Testing Loss: 1.52923 -------- Training Acc: 1.00000 -------- Testing Acc: 0.71467 -------- Class Acc: 0.72202
confusion_matrix:
0.72258 0.15161 0.04194 0.08387
0.21490 0.65903 0.02865 0.09742
0.18222 0.07556 0.71556 0.02667
0.12727 0.07727 0.00455 0.79091
Epoch: 24-----------Training Loss: 0.09401 -------- Testing Loss: 1.59563 -------- Training Acc: 1.00000 -------- Testing Acc: 0.69475 -------- Class Acc: 0.69823
confusion_matrix:
0.60645 0.24516 0.05484 0.09355
0.13181 0.73352 0.02292 0.11175
0.15111 0.12889 0.67111 0.04889
0.10455 0.10909 0.00455 0.78182
Epoch: 25-----------Training Loss: 0.10342 -------- Testing Loss: 1.60658 -------- Training Acc: 1.00000 -------- Testing Acc: 0.69022 -------- Class Acc: 0.69226
confusion_matrix:
0.59355 0.27742 0.04839 0.08065
0.13181 0.74499 0.02006 0.10315
0.15556 0.15556 0.65778 0.03111
0.10455 0.11818 0.00455 0.77273
Epoch: 26-----------Training Loss: 0.10608 -------- Testing Loss: 1.53498 -------- Training Acc: 1.00000 -------- Testing Acc: 0.69384 -------- Class Acc: 0.70245
confusion_matrix:
0.57419 0.23871 0.10000 0.08710
0.14327 0.71633 0.04011 0.10029
0.08000 0.12889 0.75111 0.04000
0.11818 0.10909 0.00455 0.76818
Epoch: 27-----------Training Loss: 0.08207 -------- Testing Loss: 1.52776 -------- Training Acc: 1.00000 -------- Testing Acc: 0.70109 -------- Class Acc: 0.71012
confusion_matrix:
0.57097 0.25161 0.09032 0.08710
0.12034 0.72779 0.04871 0.10315
0.09333 0.11556 0.76444 0.02667
0.11364 0.10000 0.00909 0.77727
Epoch: 28-----------Training Loss: 0.08795 -------- Testing Loss: 1.57680 -------- Training Acc: 1.00000 -------- Testing Acc: 0.69293 -------- Class Acc: 0.68893
confusion_matrix:
0.62581 0.27419 0.05161 0.04839
0.14613 0.76791 0.02292 0.06304
0.16889 0.14667 0.67111 0.01333
0.12273 0.18182 0.00455 0.69091
Epoch: 29-----------Training Loss: 0.08954 -------- Testing Loss: 1.54579 -------- Training Acc: 1.00000 -------- Testing Acc: 0.69293 -------- Class Acc: 0.69653
confusion_matrix:
0.60323 0.25484 0.07097 0.07097
0.15759 0.73066 0.02865 0.08309
0.12889 0.13333 0.70222 0.03556
0.11364 0.12727 0.00909 0.75000
Epoch: 30-----------Training Loss: 0.06854 -------- Testing Loss: 1.59660 -------- Training Acc: 1.00000 -------- Testing Acc: 0.70743 -------- Class Acc: 0.71451
confusion_matrix:
0.60323 0.23548 0.08065 0.08065
0.14040 0.73066 0.03152 0.09742
0.13778 0.09333 0.73778 0.03111
0.10455 0.10455 0.00455 0.78636
Epoch: 31-----------Training Loss: 0.06285 -------- Testing Loss: 1.68512 -------- Training Acc: 1.00000 -------- Testing Acc: 0.69475 -------- Class Acc: 0.69652
confusion_matrix:
0.64516 0.21290 0.05161 0.09032
0.16046 0.71920 0.02006 0.10029
0.16889 0.13778 0.64444 0.04889
0.10455 0.11364 0.00455 0.77727
Epoch: 32-----------Training Loss: 0.08059 -------- Testing Loss: 1.67780 -------- Training Acc: 1.00000 -------- Testing Acc: 0.68478 -------- Class Acc: 0.68486
confusion_matrix:
0.63871 0.22258 0.06129 0.07742
0.16905 0.71920 0.01719 0.09456
0.18222 0.15111 0.61333 0.05333
0.10455 0.12273 0.00455 0.76818
Epoch: 33-----------Training Loss: 0.06858 -------- Testing Loss: 1.68928 -------- Training Acc: 0.99977 -------- Testing Acc: 0.70833 -------- Class Acc: 0.71425
confusion_matrix:
0.68065 0.17742 0.06129 0.08065
0.18911 0.68768 0.02006 0.10315
0.17778 0.08889 0.69778 0.03556
0.10455 0.10000 0.00455 0.79091
Epoch: 34-----------Training Loss: 0.05205 -------- Testing Loss: 1.69270 -------- Training Acc: 1.00000 -------- Testing Acc: 0.69656 -------- Class Acc: 0.70194
confusion_matrix:
0.60323 0.22903 0.07419 0.09355
0.15473 0.72493 0.01433 0.10602
0.14222 0.12444 0.69778 0.03556
0.09545 0.11364 0.00909 0.78182
Epoch: 35-----------Training Loss: 0.06621 -------- Testing Loss: 1.79243 -------- Training Acc: 1.00000 -------- Testing Acc: 0.68297 -------- Class Acc: 0.69032
confusion_matrix:
0.55161 0.27097 0.07097 0.10645
0.13181 0.72493 0.02006 0.12321
0.11556 0.15556 0.67111 0.05778
0.09091 0.08636 0.00909 0.81364
Epoch: 36-----------Training Loss: 0.06106 -------- Testing Loss: 1.85974 -------- Training Acc: 1.00000 -------- Testing Acc: 0.68659 -------- Class Acc: 0.69219
confusion_matrix:
0.70323 0.16129 0.05161 0.08387
0.20344 0.63897 0.01433 0.14327
0.21333 0.10222 0.63111 0.05333
0.11364 0.08636 0.00455 0.79545
Epoch: 37-----------Training Loss: 0.07694 -------- Testing Loss: 1.90928 -------- Training Acc: 1.00000 -------- Testing Acc: 0.68478 -------- Class Acc: 0.69509
confusion_matrix:
0.73548 0.12581 0.06129 0.07742
0.26361 0.57880 0.03438 0.12321
0.20000 0.07111 0.69333 0.03556
0.12727 0.09545 0.00455 0.77273
Epoch: 38-----------Training Loss: 0.09657 -------- Testing Loss: 1.54636 -------- Training Acc: 1.00000 -------- Testing Acc: 0.70743 -------- Class Acc: 0.71126
confusion_matrix:
0.69032 0.19677 0.05161 0.06129
0.18625 0.69341 0.02579 0.09456
0.16000 0.11111 0.70222 0.02667
0.12727 0.10909 0.00455 0.75909
Epoch: 39-----------Training Loss: 0.07571 -------- Testing Loss: 1.88114 -------- Training Acc: 1.00000 -------- Testing Acc: 0.67844 -------- Class Acc: 0.68101
confusion_matrix:
0.69032 0.18065 0.04194 0.08710
0.20057 0.65616 0.01433 0.12894
0.21333 0.14667 0.58667 0.05333
0.11818 0.08636 0.00455 0.79091
Epoch: 40-----------Training Loss: 0.06541 -------- Testing Loss: 1.86231 -------- Training Acc: 1.00000 -------- Testing Acc: 0.68841 -------- Class Acc: 0.68965
confusion_matrix:
0.66452 0.19677 0.05484 0.08387
0.17192 0.69914 0.01433 0.11461
0.17778 0.13778 0.62222 0.06222
0.11364 0.10909 0.00455 0.77273
Epoch: 41-----------Training Loss: 0.06805 -------- Testing Loss: 1.89897 -------- Training Acc: 1.00000 -------- Testing Acc: 0.67391 -------- Class Acc: 0.67046
confusion_matrix:
0.56452 0.30968 0.05806 0.06774
0.14040 0.77650 0.00860 0.07450
0.12889 0.21778 0.60444 0.04889
0.11364 0.14545 0.00455 0.73636
Epoch: 42-----------Training Loss: 0.09113 -------- Testing Loss: 1.63260 -------- Training Acc: 0.99977 -------- Testing Acc: 0.69928 -------- Class Acc: 0.69878
confusion_matrix:
0.60968 0.25484 0.06452 0.07097
0.14900 0.76504 0.02006 0.06590
0.15111 0.12000 0.70222 0.02667
0.10455 0.16818 0.00909 0.71818
Epoch: 43-----------Training Loss: 0.10907 -------- Testing Loss: 1.60099 -------- Training Acc: 1.00000 -------- Testing Acc: 0.70199 -------- Class Acc: 0.70224
confusion_matrix:
0.63871 0.21935 0.07742 0.06452
0.15473 0.74499 0.01719 0.08309
0.13778 0.13333 0.68889 0.04000
0.11364 0.14091 0.00909 0.73636
Epoch: 44-----------Training Loss: 0.11320 -------- Testing Loss: 1.59286 -------- Training Acc: 1.00000 -------- Testing Acc: 0.69656 -------- Class Acc: 0.69910
confusion_matrix:
0.58065 0.24839 0.11613 0.05484
0.13754 0.75645 0.05444 0.05158
0.08000 0.12000 0.79111 0.00889
0.11364 0.19091 0.02727 0.66818
Epoch: 45-----------Training Loss: 0.09880 -------- Testing Loss: 1.68865 -------- Training Acc: 1.00000 -------- Testing Acc: 0.69656 -------- Class Acc: 0.69967
confusion_matrix:
0.59355 0.22903 0.12581 0.05161
0.14327 0.74212 0.06017 0.05444
0.07111 0.09333 0.82667 0.00889
0.11364 0.22273 0.02727 0.63636
Epoch: 46-----------Training Loss: 0.07644 -------- Testing Loss: 1.60973 -------- Training Acc: 1.00000 -------- Testing Acc: 0.70562 -------- Class Acc: 0.70772
confusion_matrix:
0.67097 0.19355 0.07097 0.06452
0.18911 0.71347 0.03152 0.06590
0.12000 0.11111 0.75556 0.01333
0.12273 0.17727 0.00909 0.69091
Epoch: 47-----------Training Loss: 0.03472 -------- Testing Loss: 1.64740 -------- Training Acc: 1.00000 -------- Testing Acc: 0.70290 -------- Class Acc: 0.70894
confusion_matrix:
0.63226 0.20968 0.09032 0.06774
0.16332 0.70774 0.04585 0.08309
0.11111 0.08889 0.78667 0.01333
0.11364 0.16364 0.01364 0.70909
Epoch: 48-----------Training Loss: 0.02187 -------- Testing Loss: 1.86393 -------- Training Acc: 1.00000 -------- Testing Acc: 0.69384 -------- Class Acc: 0.70125
confusion_matrix:
0.70968 0.15806 0.06452 0.06774
0.22063 0.63037 0.04871 0.10029
0.18222 0.06222 0.74222 0.01333
0.14091 0.11818 0.01818 0.72273
Epoch: 49-----------Training Loss: 0.02519 -------- Testing Loss: 1.80973 -------- Training Acc: 1.00000 -------- Testing Acc: 0.69746 -------- Class Acc: 0.70397
confusion_matrix:
0.69032 0.17097 0.07097 0.06774
0.20057 0.65616 0.05444 0.08883
0.17778 0.06222 0.74667 0.01333
0.13636 0.13182 0.00909 0.72273
Epoch: 50-----------Training Loss: 0.02109 -------- Testing Loss: 2.10426 -------- Training Acc: 1.00000 -------- Testing Acc: 0.68297 -------- Class Acc: 0.68186
confusion_matrix:
0.75806 0.13548 0.04839 0.05806
0.26074 0.63897 0.02865 0.07163
0.26667 0.05778 0.66222 0.01333
0.18182 0.14545 0.00455 0.66818
Best Accuracy:0.71467
Average Top 10 Accuracy:0.70996
Best Class Accuracy:0.72538
Average Top 10 Class Accuracy:0.71874
============================= model ends ===================================

============ model starts, fold 2 ===========
model_parameters: 3732296
model:model4;batch_size:128;out_channels:[64, 16];kernel_size_cnn:[[4, 2], [2, 4]];weight:tensor([0.5000], device='cuda:0');lr:0.001
Epoch: 1-----------Training Loss: 1.14491 -------- Testing Loss: 1.13954 -------- Training Acc: 0.50633 -------- Testing Acc: 0.52174 -------- Class Acc: 0.51668
confusion_matrix:
0.41049 0.32716 0.16975 0.09259
0.12703 0.61351 0.04054 0.21892
0.21505 0.28495 0.46237 0.03763
0.02232 0.38839 0.00893 0.58036
Epoch: 2-----------Training Loss: 1.00180 -------- Testing Loss: 1.08256 -------- Training Acc: 0.59042 -------- Testing Acc: 0.56250 -------- Class Acc: 0.57867
confusion_matrix:
0.72840 0.06790 0.04938 0.15432
0.34054 0.30541 0.01622 0.33784
0.41935 0.05914 0.39247 0.12903
0.09375 0.01339 0.00446 0.88839
Epoch: 3-----------Training Loss: 0.90945 -------- Testing Loss: 1.11729 -------- Training Acc: 0.65145 -------- Testing Acc: 0.55616 -------- Class Acc: 0.56884
confusion_matrix:
0.79321 0.03086 0.02778 0.14815
0.40000 0.26216 0.01622 0.32162
0.50538 0.05376 0.34946 0.09140
0.11607 0.01339 0.00000 0.87054
Epoch: 4-----------Training Loss: 0.81161 -------- Testing Loss: 1.09811 -------- Training Acc: 0.70118 -------- Testing Acc: 0.57428 -------- Class Acc: 0.58842
confusion_matrix:
0.78704 0.04012 0.02469 0.14815
0.37838 0.30000 0.03514 0.28649
0.43011 0.06452 0.41398 0.09140
0.11607 0.03125 0.00000 0.85268
Epoch: 5-----------Training Loss: 0.70906 -------- Testing Loss: 1.54554 -------- Training Acc: 0.76175 -------- Testing Acc: 0.49909 -------- Class Acc: 0.48462
confusion_matrix:
0.86728 0.02778 0.00309 0.10185
0.54324 0.23243 0.01351 0.21081
0.81183 0.02688 0.10215 0.05914
0.23661 0.02679 0.00000 0.73661
Epoch: 6-----------Training Loss: 0.60970 -------- Testing Loss: 1.31392 -------- Training Acc: 0.82188 -------- Testing Acc: 0.57790 -------- Class Acc: 0.57369
confusion_matrix:
0.54630 0.16975 0.23148 0.05247
0.14054 0.65405 0.15405 0.05135
0.11290 0.19892 0.68817 0.00000
0.15179 0.42857 0.01339 0.40625
Epoch: 7-----------Training Loss: 0.51641 -------- Testing Loss: 1.63087 -------- Training Acc: 0.87997 -------- Testing Acc: 0.58877 -------- Class Acc: 0.60101
confusion_matrix:
0.63272 0.13580 0.01543 0.21605
0.17027 0.43243 0.02432 0.37297
0.27957 0.17204 0.39247 0.15591
0.04018 0.01339 0.00000 0.94643
Epoch: 8-----------Training Loss: 0.44305 -------- Testing Loss: 1.66244 -------- Training Acc: 0.91410 -------- Testing Acc: 0.57428 -------- Class Acc: 0.61481
confusion_matrix:
0.24691 0.28704 0.30556 0.16049
0.02703 0.58919 0.13514 0.24865
0.01613 0.19892 0.72581 0.05914
0.02232 0.06250 0.01786 0.89732
Epoch: 9-----------Training Loss: 0.39793 -------- Testing Loss: 1.52231 -------- Training Acc: 0.93874 -------- Testing Acc: 0.55707 -------- Class Acc: 0.60575
confusion_matrix:
0.55864 0.08951 0.22840 0.12346
0.25676 0.30811 0.17568 0.25946
0.15054 0.03763 0.75269 0.05914
0.16071 0.02232 0.01339 0.80357
Epoch: 10-----------Training Loss: 0.34036 -------- Testing Loss: 1.79323 -------- Training Acc: 0.95728 -------- Testing Acc: 0.56703 -------- Class Acc: 0.59590
confusion_matrix:
0.54630 0.09568 0.27469 0.08333
0.17838 0.46216 0.24324 0.11622
0.12903 0.06989 0.79032 0.01075
0.19196 0.14732 0.07589 0.58482
Epoch: 11-----------Training Loss: 0.34368 -------- Testing Loss: 1.67796 -------- Training Acc: 0.96971 -------- Testing Acc: 0.58152 -------- Class Acc: 0.55923
confusion_matrix:
0.54321 0.27160 0.14506 0.04012
0.11892 0.75135 0.10811 0.02162
0.11828 0.26344 0.60753 0.01075
0.15625 0.48661 0.02232 0.33482
Epoch: 12-----------Training Loss: 0.31980 -------- Testing Loss: 1.48835 -------- Training Acc: 0.98011 -------- Testing Acc: 0.62681 -------- Class Acc: 0.62939
confusion_matrix:
0.70679 0.10494 0.11420 0.07407
0.24595 0.55676 0.09459 0.10270
0.21505 0.12903 0.62903 0.02688
0.16071 0.17411 0.04018 0.62500
Epoch: 13-----------Training Loss: 0.22369 -------- Testing Loss: 1.52201 -------- Training Acc: 0.99344 -------- Testing Acc: 0.67663 -------- Class Acc: 0.67050
confusion_matrix:
0.69136 0.16667 0.06481 0.07716
0.18919 0.69459 0.05405 0.06216
0.13978 0.17742 0.63978 0.04301
0.15179 0.18750 0.00446 0.65625
Epoch: 14-----------Training Loss: 0.19835 -------- Testing Loss: 1.52913 -------- Training Acc: 0.99706 -------- Testing Acc: 0.65399 -------- Class Acc: 0.64644
confusion_matrix:
0.67284 0.15432 0.09568 0.07716
0.17027 0.68649 0.07838 0.06486
0.10753 0.22043 0.65054 0.02151
0.11161 0.29911 0.01339 0.57589
Epoch: 15-----------Training Loss: 0.21854 -------- Testing Loss: 1.32959 -------- Training Acc: 0.99864 -------- Testing Acc: 0.67391 -------- Class Acc: 0.66868
confusion_matrix:
0.59259 0.25309 0.06173 0.09259
0.12162 0.74865 0.04324 0.08649
0.09677 0.23656 0.62366 0.04301
0.09821 0.19196 0.00000 0.70982
Epoch: 16-----------Training Loss: 0.19804 -------- Testing Loss: 1.39399 -------- Training Acc: 0.99977 -------- Testing Acc: 0.66486 -------- Class Acc: 0.65183
confusion_matrix:
0.59259 0.25617 0.04630 0.10494
0.10541 0.75135 0.03243 0.11081
0.16129 0.28495 0.50000 0.05376
0.08036 0.15625 0.00000 0.76339
Epoch: 17-----------Training Loss: 0.17763 -------- Testing Loss: 1.36814 -------- Training Acc: 0.99977 -------- Testing Acc: 0.68388 -------- Class Acc: 0.68132
confusion_matrix:
0.58951 0.24383 0.07099 0.09568
0.10000 0.75135 0.05946 0.08919
0.08065 0.23118 0.63441 0.05376
0.08929 0.16071 0.00000 0.75000
Epoch: 18-----------Training Loss: 0.15975 -------- Testing Loss: 1.42147 -------- Training Acc: 0.99977 -------- Testing Acc: 0.68388 -------- Class Acc: 0.68433
confusion_matrix:
0.64198 0.16975 0.09568 0.09259
0.12973 0.70811 0.06757 0.09459
0.08602 0.19892 0.67742 0.03763
0.11607 0.16964 0.00446 0.70982
Epoch: 19-----------Training Loss: 0.13972 -------- Testing Loss: 1.52495 -------- Training Acc: 0.99977 -------- Testing Acc: 0.67120 -------- Class Acc: 0.67904
confusion_matrix:
0.57716 0.21605 0.10802 0.09877
0.11081 0.69189 0.08919 0.10811
0.06989 0.19892 0.68817 0.04301
0.08036 0.15179 0.00893 0.75893
Epoch: 20-----------Training Loss: 0.11625 -------- Testing Loss: 1.59677 -------- Training Acc: 1.00000 -------- Testing Acc: 0.66576 -------- Class Acc: 0.67597
confusion_matrix:
0.54630 0.23148 0.10802 0.11420
0.10000 0.68378 0.07568 0.14054
0.06452 0.21505 0.66129 0.05914
0.06696 0.11607 0.00446 0.81250
Epoch: 21-----------Training Loss: 0.10704 -------- Testing Loss: 1.65043 -------- Training Acc: 1.00000 -------- Testing Acc: 0.67120 -------- Class Acc: 0.68535
confusion_matrix:
0.62963 0.14506 0.13580 0.08951
0.13514 0.62703 0.12703 0.11081
0.09677 0.13978 0.72581 0.03763
0.09375 0.13393 0.01339 0.75893
Epoch: 22-----------Training Loss: 0.12120 -------- Testing Loss: 1.55336 -------- Training Acc: 1.00000 -------- Testing Acc: 0.67844 -------- Class Acc: 0.68300
confusion_matrix:
0.60802 0.20062 0.10185 0.08951
0.12432 0.70541 0.08108 0.08919
0.08602 0.17204 0.70430 0.03763
0.08929 0.19196 0.00446 0.71429
Epoch: 23-----------Training Loss: 0.13167 -------- Testing Loss: 1.60392 -------- Training Acc: 1.00000 -------- Testing Acc: 0.68388 -------- Class Acc: 0.69440
confusion_matrix:
0.68827 0.12346 0.08333 0.10494
0.17297 0.62162 0.09189 0.11351
0.11290 0.14516 0.70430 0.03763
0.10268 0.12946 0.00446 0.76339
Epoch: 24-----------Training Loss: 0.14683 -------- Testing Loss: 1.51150 -------- Training Acc: 1.00000 -------- Testing Acc: 0.68116 -------- Class Acc: 0.68583
confusion_matrix:
0.61420 0.17284 0.11420 0.09877
0.12432 0.69459 0.06757 0.11351
0.09677 0.19355 0.66667 0.04301
0.08482 0.14286 0.00446 0.76786
Epoch: 25-----------Training Loss: 0.10428 -------- Testing Loss: 1.62433 -------- Training Acc: 1.00000 -------- Testing Acc: 0.66395 -------- Class Acc: 0.67656
confusion_matrix:
0.56481 0.20679 0.12346 0.10494
0.11622 0.66216 0.09189 0.12973
0.06452 0.19892 0.69355 0.04301
0.07143 0.13393 0.00893 0.78571
Epoch: 26-----------Training Loss: 0.11874 -------- Testing Loss: 1.60164 -------- Training Acc: 1.00000 -------- Testing Acc: 0.67029 -------- Class Acc: 0.67736
confusion_matrix:
0.53086 0.26543 0.10494 0.09877
0.09459 0.72703 0.07297 0.10541
0.06452 0.20430 0.68817 0.04301
0.05804 0.16518 0.01339 0.76339
