
============ model starts, fold 0 ===========
model_parameters: 2625096
model:model1;batch_size:128;out_channels:[64, 16];kernel_size_cnn:[[4, 2], [2, 4]];weight:0.5;lr:0.001
Epoch: 1-----------Training Loss: 1.18381 -------- Testing Loss: 1.12324 -------- Training Acc: 0.47446 -------- Testing Acc: 0.53080 -------- Class Acc: 0.53348
confusion_matrix:
0.51562 0.33125 0.03438 0.11875
0.17593 0.57716 0.01235 0.23457
0.36800 0.17600 0.38400 0.07200
0.03333 0.30000 0.00952 0.65714
Epoch: 2-----------Training Loss: 1.04256 -------- Testing Loss: 1.03773 -------- Training Acc: 0.56646 -------- Testing Acc: 0.58333 -------- Class Acc: 0.61001
confusion_matrix:
0.54688 0.18438 0.09688 0.17188
0.19444 0.41049 0.03086 0.36420
0.19600 0.07200 0.61600 0.11600
0.04762 0.07143 0.01429 0.86667
Epoch: 3-----------Training Loss: 0.96098 -------- Testing Loss: 1.00168 -------- Training Acc: 0.61731 -------- Testing Acc: 0.59149 -------- Class Acc: 0.61317
confusion_matrix:
0.65312 0.10000 0.10312 0.14375
0.32099 0.34259 0.04938 0.28704
0.18000 0.07200 0.67600 0.07200
0.09048 0.10000 0.02857 0.78095
Epoch: 4-----------Training Loss: 0.88439 -------- Testing Loss: 1.04297 -------- Training Acc: 0.66433 -------- Testing Acc: 0.61775 -------- Class Acc: 0.63511
confusion_matrix:
0.65000 0.11250 0.13125 0.10625
0.31790 0.40741 0.09877 0.17593
0.12800 0.06000 0.76400 0.04800
0.10476 0.13333 0.04286 0.71905
Epoch: 5-----------Training Loss: 0.79723 -------- Testing Loss: 1.41329 -------- Training Acc: 0.71564 -------- Testing Acc: 0.58696 -------- Class Acc: 0.59900
confusion_matrix:
0.63125 0.10000 0.20625 0.06250
0.36111 0.37654 0.17593 0.08642
0.11600 0.05600 0.81200 0.01600
0.19048 0.17143 0.06190 0.57619
Epoch: 6-----------Training Loss: 0.69238 -------- Testing Loss: 1.06387 -------- Training Acc: 0.77758 -------- Testing Acc: 0.62591 -------- Class Acc: 0.64315
confusion_matrix:
0.62187 0.09688 0.19375 0.08750
0.23765 0.42901 0.16358 0.16975
0.07200 0.06800 0.83600 0.02400
0.15238 0.10952 0.05238 0.68571
Epoch: 7-----------Training Loss: 0.63727 -------- Testing Loss: 1.56284 -------- Training Acc: 0.82505 -------- Testing Acc: 0.56703 -------- Class Acc: 0.54143
confusion_matrix:
0.66563 0.28125 0.01875 0.03438
0.23765 0.70370 0.01235 0.04630
0.32800 0.21600 0.44400 0.01200
0.34286 0.30000 0.00476 0.35238
Epoch: 8-----------Training Loss: 0.56021 -------- Testing Loss: 3.57313 -------- Training Acc: 0.87229 -------- Testing Acc: 0.46196 -------- Class Acc: 0.47777
confusion_matrix:
0.65000 0.16250 0.00313 0.18438
0.35802 0.29938 0.00309 0.33951
0.46000 0.34000 0.07600 0.12400
0.09524 0.01905 0.00000 0.88571
Epoch: 9-----------Training Loss: 0.46956 -------- Testing Loss: 2.12912 -------- Training Acc: 0.91343 -------- Testing Acc: 0.50272 -------- Class Acc: 0.49793
confusion_matrix:
0.76875 0.12500 0.02813 0.07812
0.41049 0.38889 0.00617 0.19444
0.60800 0.12800 0.19600 0.06800
0.20000 0.15238 0.00952 0.63810
Epoch: 10-----------Training Loss: 0.41335 -------- Testing Loss: 1.51391 -------- Training Acc: 0.93467 -------- Testing Acc: 0.65127 -------- Class Acc: 0.65765
confusion_matrix:
0.67500 0.18125 0.03750 0.10625
0.20679 0.60494 0.01543 0.17284
0.21200 0.14400 0.58400 0.06000
0.11905 0.10952 0.00476 0.76667
Epoch: 11-----------Training Loss: 0.39044 -------- Testing Loss: 1.30540 -------- Training Acc: 0.95457 -------- Testing Acc: 0.65217 -------- Class Acc: 0.66959
confusion_matrix:
0.55625 0.20000 0.07500 0.16875
0.10185 0.62346 0.01852 0.25617
0.07200 0.22400 0.63200 0.07200
0.03810 0.09524 0.00000 0.86667
Epoch: 12-----------Training Loss: 0.31298 -------- Testing Loss: 1.61524 -------- Training Acc: 0.97988 -------- Testing Acc: 0.64764 -------- Class Acc: 0.64309
confusion_matrix:
0.74687 0.11250 0.07187 0.06875
0.27469 0.57407 0.06790 0.08333
0.18000 0.11600 0.68000 0.02400
0.25714 0.13333 0.03810 0.57143
Epoch: 13-----------Training Loss: 0.24325 -------- Testing Loss: 1.27827 -------- Training Acc: 0.99209 -------- Testing Acc: 0.66395 -------- Class Acc: 0.65648
confusion_matrix:
0.63125 0.26250 0.04063 0.06563
0.14815 0.77160 0.01235 0.06790
0.14400 0.23200 0.60400 0.02000
0.13333 0.23333 0.01429 0.61905
Epoch: 14-----------Training Loss: 0.23621 -------- Testing Loss: 1.56953 -------- Training Acc: 0.99458 -------- Testing Acc: 0.67754 -------- Class Acc: 0.66996
confusion_matrix:
0.70625 0.20312 0.03750 0.05312
0.20679 0.71605 0.02160 0.05556
0.14000 0.20000 0.64800 0.01200
0.19524 0.19524 0.00000 0.60952
Epoch: 15-----------Training Loss: 0.21167 -------- Testing Loss: 1.47254 -------- Training Acc: 0.99729 -------- Testing Acc: 0.68931 -------- Class Acc: 0.69158
confusion_matrix:
0.77500 0.10938 0.04375 0.07187
0.25309 0.59877 0.04630 0.10185
0.18800 0.12000 0.66400 0.02800
0.18571 0.07619 0.00952 0.72857
Epoch: 16-----------Training Loss: 0.26638 -------- Testing Loss: 1.29481 -------- Training Acc: 0.99932 -------- Testing Acc: 0.70018 -------- Class Acc: 0.69912
confusion_matrix:
0.67188 0.20312 0.03438 0.09062
0.13580 0.75926 0.02469 0.08025
0.14400 0.19600 0.63200 0.02800
0.10000 0.15238 0.01429 0.73333
Epoch: 17-----------Training Loss: 0.20323 -------- Testing Loss: 1.31648 -------- Training Acc: 0.99977 -------- Testing Acc: 0.69928 -------- Class Acc: 0.70056
confusion_matrix:
0.68750 0.18750 0.03438 0.09062
0.14815 0.71914 0.03086 0.10185
0.14400 0.18400 0.64800 0.02400
0.10952 0.13810 0.00476 0.74762
Epoch: 18-----------Training Loss: 0.16430 -------- Testing Loss: 1.39503 -------- Training Acc: 0.99977 -------- Testing Acc: 0.69656 -------- Class Acc: 0.69559
confusion_matrix:
0.70312 0.18750 0.02813 0.08125
0.15432 0.72840 0.03086 0.08642
0.16800 0.19200 0.60800 0.03200
0.11429 0.13810 0.00476 0.74286
Epoch: 19-----------Training Loss: 0.14882 -------- Testing Loss: 1.39077 -------- Training Acc: 1.00000 -------- Testing Acc: 0.69475 -------- Class Acc: 0.69494
confusion_matrix:
0.69375 0.18125 0.03438 0.09062
0.15741 0.71914 0.03395 0.08951
0.14000 0.20800 0.62400 0.02800
0.10952 0.13810 0.00952 0.74286
Epoch: 20-----------Training Loss: 0.11461 -------- Testing Loss: 1.55610 -------- Training Acc: 0.99955 -------- Testing Acc: 0.69112 -------- Class Acc: 0.68967
confusion_matrix:
0.72813 0.15313 0.02500 0.09375
0.18210 0.70370 0.01852 0.09568
0.19600 0.19600 0.58400 0.02400
0.13810 0.11429 0.00476 0.74286
Epoch: 21-----------Training Loss: 0.12583 -------- Testing Loss: 1.60383 -------- Training Acc: 0.99977 -------- Testing Acc: 0.68659 -------- Class Acc: 0.68599
confusion_matrix:
0.73750 0.14375 0.02500 0.09375
0.20370 0.68210 0.00617 0.10802
0.22000 0.18000 0.57200 0.02800
0.12381 0.11905 0.00476 0.75238
Epoch: 22-----------Training Loss: 0.17607 -------- Testing Loss: 1.35927 -------- Training Acc: 1.00000 -------- Testing Acc: 0.69384 -------- Class Acc: 0.68714
confusion_matrix:
0.66250 0.22187 0.05625 0.05937
0.12346 0.78395 0.04321 0.04938
0.10800 0.21600 0.66400 0.01200
0.10476 0.23333 0.02381 0.63810
Epoch: 23-----------Training Loss: 0.16782 -------- Testing Loss: 1.43185 -------- Training Acc: 1.00000 -------- Testing Acc: 0.70833 -------- Class Acc: 0.70956
confusion_matrix:
0.68125 0.18750 0.04063 0.09062
0.12346 0.74383 0.03395 0.09877
0.12000 0.20000 0.65600 0.02400
0.10476 0.12857 0.00952 0.75714
Epoch: 24-----------Training Loss: 0.10780 -------- Testing Loss: 1.57642 -------- Training Acc: 1.00000 -------- Testing Acc: 0.69203 -------- Class Acc: 0.69408
confusion_matrix:
0.65938 0.20938 0.03125 0.10000
0.11420 0.74074 0.02469 0.12037
0.16000 0.21600 0.60000 0.02400
0.09524 0.11905 0.00952 0.77619
Epoch: 25-----------Training Loss: 0.11714 -------- Testing Loss: 1.57328 -------- Training Acc: 1.00000 -------- Testing Acc: 0.70290 -------- Class Acc: 0.70235
confusion_matrix:
0.72188 0.16875 0.02813 0.08125
0.14815 0.71914 0.02778 0.10494
0.16000 0.19600 0.61600 0.02800
0.11905 0.11905 0.00952 0.75238
Epoch: 26-----------Training Loss: 0.15323 -------- Testing Loss: 1.40441 -------- Training Acc: 0.99977 -------- Testing Acc: 0.69837 -------- Class Acc: 0.69068
confusion_matrix:
0.65938 0.24063 0.03750 0.06250
0.09877 0.81173 0.03086 0.05864
0.12000 0.22000 0.64400 0.01600
0.13333 0.20476 0.01429 0.64762
Epoch: 27-----------Training Loss: 0.10194 -------- Testing Loss: 1.60612 -------- Training Acc: 1.00000 -------- Testing Acc: 0.68931 -------- Class Acc: 0.68544
confusion_matrix:
0.62187 0.26250 0.03438 0.08125
0.07407 0.82407 0.02160 0.08025
0.13600 0.27200 0.57200 0.02000
0.10476 0.16190 0.00952 0.72381
Epoch: 28-----------Training Loss: 0.06682 -------- Testing Loss: 1.63587 -------- Training Acc: 1.00000 -------- Testing Acc: 0.69656 -------- Class Acc: 0.69270
confusion_matrix:
0.64062 0.25312 0.03125 0.07500
0.09259 0.80864 0.02469 0.07407
0.10800 0.26000 0.61200 0.02000
0.10476 0.17619 0.00952 0.70952
Epoch: 29-----------Training Loss: 0.07191 -------- Testing Loss: 1.61292 -------- Training Acc: 1.00000 -------- Testing Acc: 0.71014 -------- Class Acc: 0.70456
confusion_matrix:
0.70937 0.19062 0.02187 0.07812
0.12654 0.78086 0.02778 0.06481
0.14400 0.20800 0.62800 0.02000
0.11905 0.17143 0.00952 0.70000
Epoch: 30-----------Training Loss: 0.07990 -------- Testing Loss: 1.60431 -------- Training Acc: 1.00000 -------- Testing Acc: 0.69112 -------- Class Acc: 0.68349
confusion_matrix:
0.66250 0.22500 0.04688 0.06563
0.10802 0.79012 0.03704 0.06481
0.10400 0.23200 0.64800 0.01600
0.13333 0.21905 0.01429 0.63333
Epoch: 31-----------Training Loss: 0.11457 -------- Testing Loss: 1.57617 -------- Training Acc: 1.00000 -------- Testing Acc: 0.69475 -------- Class Acc: 0.68769
confusion_matrix:
0.66563 0.22500 0.03438 0.07500
0.10185 0.80247 0.03395 0.06173
0.11600 0.24800 0.61600 0.02000
0.09524 0.22381 0.01429 0.66667
Epoch: 32-----------Training Loss: 0.05872 -------- Testing Loss: 1.62145 -------- Training Acc: 1.00000 -------- Testing Acc: 0.69565 -------- Class Acc: 0.69259
confusion_matrix:
0.65938 0.22500 0.03438 0.08125
0.09568 0.78395 0.02778 0.09259
0.11600 0.25200 0.60800 0.02400
0.10952 0.16190 0.00952 0.71905
Epoch: 33-----------Training Loss: 0.05234 -------- Testing Loss: 1.70710 -------- Training Acc: 1.00000 -------- Testing Acc: 0.69203 -------- Class Acc: 0.69385
confusion_matrix:
0.63438 0.23750 0.03125 0.09688
0.08951 0.76235 0.02778 0.12037
0.10800 0.24000 0.61200 0.04000
0.09048 0.13333 0.00952 0.76667
Epoch: 34-----------Training Loss: 0.05197 -------- Testing Loss: 1.81641 -------- Training Acc: 1.00000 -------- Testing Acc: 0.68025 -------- Class Acc: 0.67942
confusion_matrix:
0.60313 0.27500 0.03125 0.09062
0.09259 0.79321 0.02778 0.08642
0.10800 0.27200 0.58800 0.03200
0.10000 0.15714 0.00952 0.73333
Epoch: 35-----------Training Loss: 0.06149 -------- Testing Loss: 1.72847 -------- Training Acc: 1.00000 -------- Testing Acc: 0.68841 -------- Class Acc: 0.68539
confusion_matrix:
0.62187 0.25000 0.04375 0.08438
0.08951 0.79321 0.03395 0.08333
0.08800 0.24400 0.63600 0.03200
0.10476 0.19524 0.00952 0.69048
Epoch: 36-----------Training Loss: 0.07396 -------- Testing Loss: 1.62897 -------- Training Acc: 1.00000 -------- Testing Acc: 0.70290 -------- Class Acc: 0.69720
confusion_matrix:
0.70625 0.18438 0.03125 0.07812
0.14198 0.76235 0.02778 0.06790
0.14000 0.19200 0.64400 0.02400
0.14286 0.17143 0.00952 0.67619
Epoch: 37-----------Training Loss: 0.07114 -------- Testing Loss: 1.67682 -------- Training Acc: 1.00000 -------- Testing Acc: 0.69112 -------- Class Acc: 0.69218
confusion_matrix:
0.60313 0.25000 0.06250 0.08438
0.10185 0.76235 0.04321 0.09259
0.07200 0.20000 0.70800 0.02000
0.09524 0.18571 0.02381 0.69524
Epoch: 38-----------Training Loss: 0.08482 -------- Testing Loss: 1.72230 -------- Training Acc: 1.00000 -------- Testing Acc: 0.68569 -------- Class Acc: 0.68911
confusion_matrix:
0.55312 0.25000 0.12187 0.07500
0.09259 0.76235 0.07099 0.07407
0.04800 0.16800 0.76000 0.02400
0.10000 0.18571 0.03333 0.68095
Epoch: 39-----------Training Loss: 0.07170 -------- Testing Loss: 1.73288 -------- Training Acc: 1.00000 -------- Testing Acc: 0.70380 -------- Class Acc: 0.70627
confusion_matrix:
0.63438 0.19375 0.09062 0.08125
0.11728 0.73148 0.06481 0.08642
0.06800 0.15200 0.76400 0.01600
0.10476 0.16667 0.03333 0.69524
Epoch: 40-----------Training Loss: 0.07606 -------- Testing Loss: 1.63135 -------- Training Acc: 0.99977 -------- Testing Acc: 0.69475 -------- Class Acc: 0.68938
confusion_matrix:
0.67188 0.20625 0.03750 0.08438
0.12963 0.76852 0.03704 0.06481
0.11600 0.20400 0.66000 0.02000
0.13333 0.19524 0.01429 0.65714
Epoch: 41-----------Training Loss: 0.04170 -------- Testing Loss: 1.67692 -------- Training Acc: 1.00000 -------- Testing Acc: 0.70471 -------- Class Acc: 0.70274
confusion_matrix:
0.69375 0.16875 0.04688 0.09062
0.12963 0.74691 0.04630 0.07716
0.11600 0.19600 0.65600 0.03200
0.11905 0.14286 0.02381 0.71429
Epoch: 42-----------Training Loss: 0.04501 -------- Testing Loss: 1.70460 -------- Training Acc: 1.00000 -------- Testing Acc: 0.70743 -------- Class Acc: 0.70668
confusion_matrix:
0.64062 0.23125 0.04688 0.08125
0.09568 0.78704 0.04630 0.07099
0.06800 0.22400 0.68000 0.02800
0.10000 0.16190 0.01905 0.71905
Epoch: 43-----------Training Loss: 0.02479 -------- Testing Loss: 1.83940 -------- Training Acc: 1.00000 -------- Testing Acc: 0.69384 -------- Class Acc: 0.70026
confusion_matrix:
0.60938 0.22187 0.05312 0.11563
0.09259 0.73148 0.04012 0.13580
0.08000 0.19600 0.68400 0.04000
0.08571 0.11905 0.01905 0.77619
Epoch: 44-----------Training Loss: 0.02568 -------- Testing Loss: 1.83986 -------- Training Acc: 1.00000 -------- Testing Acc: 0.69928 -------- Class Acc: 0.70553
confusion_matrix:
0.61875 0.22187 0.05625 0.10312
0.11420 0.73765 0.04321 0.10494
0.08000 0.20000 0.68000 0.04000
0.08095 0.11429 0.01905 0.78571
Epoch: 45-----------Training Loss: 0.03507 -------- Testing Loss: 1.82632 -------- Training Acc: 1.00000 -------- Testing Acc: 0.68931 -------- Class Acc: 0.69234
confusion_matrix:
0.62500 0.21875 0.05000 0.10625
0.11111 0.74074 0.03395 0.11420
0.10000 0.20400 0.65600 0.04000
0.09524 0.13810 0.01905 0.74762
Epoch: 46-----------Training Loss: 0.03330 -------- Testing Loss: 1.75784 -------- Training Acc: 1.00000 -------- Testing Acc: 0.69475 -------- Class Acc: 0.69258
confusion_matrix:
0.67188 0.19375 0.04688 0.08750
0.14506 0.74074 0.04630 0.06790
0.12800 0.18000 0.67200 0.02000
0.13333 0.16667 0.01429 0.68571
Epoch: 47-----------Training Loss: 0.03019 -------- Testing Loss: 1.79971 -------- Training Acc: 1.00000 -------- Testing Acc: 0.69928 -------- Class Acc: 0.70121
confusion_matrix:
0.63750 0.20938 0.05312 0.10000
0.12346 0.75000 0.04321 0.08333
0.09600 0.20000 0.68400 0.02000
0.10952 0.13810 0.01905 0.73333
Epoch: 48-----------Training Loss: 0.02650 -------- Testing Loss: 1.95728 -------- Training Acc: 1.00000 -------- Testing Acc: 0.69112 -------- Class Acc: 0.69922
confusion_matrix:
0.61562 0.21563 0.05312 0.11563
0.10802 0.70679 0.05247 0.13272
0.08000 0.20000 0.68400 0.03600
0.09048 0.10476 0.01429 0.79048
Epoch: 49-----------Training Loss: 0.03179 -------- Testing Loss: 1.83181 -------- Training Acc: 1.00000 -------- Testing Acc: 0.69746 -------- Class Acc: 0.69657
confusion_matrix:
0.65938 0.20625 0.04063 0.09375
0.12037 0.76235 0.03704 0.08025
0.12000 0.21200 0.63600 0.03200
0.11429 0.14286 0.01429 0.72857
Epoch: 50-----------Training Loss: 0.03477 -------- Testing Loss: 1.85582 -------- Training Acc: 1.00000 -------- Testing Acc: 0.70109 -------- Class Acc: 0.70662
confusion_matrix:
0.61875 0.20938 0.05625 0.11563
0.10802 0.73457 0.05247 0.10494
0.06000 0.18400 0.71600 0.04000
0.09524 0.12381 0.02381 0.75714
Best Accuracy:0.71014
Average Top 10 Accuracy:0.70688
Best Class Accuracy:0.70956
Average Top 10 Class Accuracy:0.70693
============================= model ends ===================================

============ model starts, fold 1 ===========
model_parameters: 2625096
model:model1;batch_size:128;out_channels:[64, 16];kernel_size_cnn:[[4, 2], [2, 4]];weight:tensor([0.5000], device='cuda:0');lr:0.001
Epoch: 1-----------Training Loss: 1.18808 -------- Testing Loss: 1.14703 -------- Training Acc: 0.47288 -------- Testing Acc: 0.50906 -------- Class Acc: 0.50071
confusion_matrix:
0.50323 0.35484 0.05484 0.08710
0.20057 0.57880 0.00573 0.21490
0.48444 0.19556 0.28444 0.03556
0.06364 0.30000 0.00000 0.63636
Epoch: 2-----------Training Loss: 1.04413 -------- Testing Loss: 1.03485 -------- Training Acc: 0.58070 -------- Testing Acc: 0.55616 -------- Class Acc: 0.57912
confusion_matrix:
0.70323 0.10968 0.06452 0.12258
0.41547 0.29799 0.02006 0.26648
0.37778 0.04000 0.52889 0.05333
0.14545 0.05455 0.01364 0.78636
Epoch: 3-----------Training Loss: 0.94885 -------- Testing Loss: 1.05253 -------- Training Acc: 0.63811 -------- Testing Acc: 0.58243 -------- Class Acc: 0.61905
confusion_matrix:
0.53226 0.13226 0.19355 0.14194
0.25215 0.36103 0.09742 0.28940
0.12444 0.06222 0.75111 0.06222
0.08636 0.04545 0.03636 0.83182
Epoch: 4-----------Training Loss: 0.85692 -------- Testing Loss: 1.15178 -------- Training Acc: 0.68874 -------- Testing Acc: 0.60870 -------- Class Acc: 0.61468
confusion_matrix:
0.49355 0.23226 0.22581 0.04839
0.17479 0.64183 0.12034 0.06304
0.12889 0.08889 0.77333 0.00889
0.15000 0.25909 0.04091 0.55000
Epoch: 5-----------Training Loss: 0.76552 -------- Testing Loss: 1.21760 -------- Training Acc: 0.75294 -------- Testing Acc: 0.61685 -------- Class Acc: 0.64174
confusion_matrix:
0.44194 0.19355 0.25806 0.10645
0.17479 0.56160 0.12321 0.14040
0.08889 0.08000 0.80889 0.02222
0.07273 0.12273 0.05000 0.75455
Epoch: 6-----------Training Loss: 0.65786 -------- Testing Loss: 1.12759 -------- Training Acc: 0.81307 -------- Testing Acc: 0.63225 -------- Class Acc: 0.63929
confusion_matrix:
0.58065 0.24839 0.04516 0.12581
0.16905 0.62178 0.02292 0.18625
0.22667 0.15556 0.59111 0.02667
0.08636 0.14545 0.00455 0.76364
Epoch: 7-----------Training Loss: 0.54775 -------- Testing Loss: 2.31042 -------- Training Acc: 0.86912 -------- Testing Acc: 0.53986 -------- Class Acc: 0.52133
confusion_matrix:
0.68387 0.22258 0.00323 0.09032
0.26648 0.58166 0.00287 0.14900
0.68000 0.16889 0.12889 0.02222
0.12273 0.18636 0.00000 0.69091
Epoch: 8-----------Training Loss: 0.47296 -------- Testing Loss: 2.40634 -------- Training Acc: 0.90800 -------- Testing Acc: 0.57971 -------- Class Acc: 0.55713
confusion_matrix:
0.37742 0.54194 0.02258 0.05806
0.05158 0.88252 0.01433 0.05158
0.15556 0.45778 0.38222 0.00444
0.05455 0.35000 0.00909 0.58636
Epoch: 9-----------Training Loss: 0.41700 -------- Testing Loss: 1.82618 -------- Training Acc: 0.93445 -------- Testing Acc: 0.55797 -------- Class Acc: 0.57701
confusion_matrix:
0.61935 0.10645 0.25161 0.02258
0.27794 0.37536 0.29513 0.05158
0.15111 0.03111 0.81333 0.00444
0.18182 0.16818 0.15000 0.50000
Epoch: 10-----------Training Loss: 0.40295 -------- Testing Loss: 3.75908 -------- Training Acc: 0.95185 -------- Testing Acc: 0.44022 -------- Class Acc: 0.47644
confusion_matrix:
0.30645 0.05806 0.61935 0.01613
0.20344 0.26648 0.48424 0.04585
0.03111 0.01333 0.95556 0.00000
0.23636 0.13182 0.25455 0.37727
Epoch: 11-----------Training Loss: 0.35517 -------- Testing Loss: 2.11220 -------- Training Acc: 0.97604 -------- Testing Acc: 0.61322 -------- Class Acc: 0.59921
confusion_matrix:
0.60000 0.30000 0.07742 0.02258
0.15759 0.71633 0.08883 0.03725
0.20000 0.14222 0.65778 0.00000
0.16364 0.34091 0.07273 0.42273
Epoch: 12-----------Training Loss: 0.28288 -------- Testing Loss: 1.23504 -------- Training Acc: 0.98689 -------- Testing Acc: 0.68569 -------- Class Acc: 0.69377
confusion_matrix:
0.54194 0.26452 0.09355 0.10000
0.10888 0.72779 0.04011 0.12321
0.10667 0.10222 0.76444 0.02667
0.06818 0.16818 0.02273 0.74091
Epoch: 13-----------Training Loss: 0.25769 -------- Testing Loss: 1.46883 -------- Training Acc: 0.99005 -------- Testing Acc: 0.64312 -------- Class Acc: 0.64027
confusion_matrix:
0.69032 0.19355 0.01935 0.09677
0.22063 0.63610 0.00860 0.13467
0.31111 0.17778 0.47556 0.03556
0.14545 0.08636 0.00909 0.75909
Epoch: 14-----------Training Loss: 0.22963 -------- Testing Loss: 1.45653 -------- Training Acc: 0.99638 -------- Testing Acc: 0.69475 -------- Class Acc: 0.69402
confusion_matrix:
0.73871 0.15806 0.03871 0.06452
0.22063 0.67049 0.02579 0.08309
0.24000 0.08444 0.65778 0.01778
0.16364 0.10455 0.02273 0.70909
Epoch: 15-----------Training Loss: 0.22624 -------- Testing Loss: 1.36168 -------- Training Acc: 0.99842 -------- Testing Acc: 0.69112 -------- Class Acc: 0.68863
confusion_matrix:
0.70323 0.18387 0.04194 0.07097
0.20344 0.70201 0.02292 0.07163
0.25333 0.09778 0.63111 0.01778
0.14091 0.12273 0.01818 0.71818
Epoch: 16-----------Training Loss: 0.21396 -------- Testing Loss: 1.40633 -------- Training Acc: 0.99932 -------- Testing Acc: 0.69746 -------- Class Acc: 0.70077
confusion_matrix:
0.76129 0.13548 0.04516 0.05806
0.24642 0.63037 0.02865 0.09456
0.21778 0.06667 0.69778 0.01778
0.15909 0.10909 0.01818 0.71364
Epoch: 17-----------Training Loss: 0.19222 -------- Testing Loss: 1.40760 -------- Training Acc: 1.00000 -------- Testing Acc: 0.69837 -------- Class Acc: 0.69774
confusion_matrix:
0.77742 0.14194 0.04516 0.03548
0.24069 0.64756 0.04298 0.06877
0.22222 0.06667 0.69778 0.01333
0.17727 0.13636 0.01818 0.66818
Epoch: 18-----------Training Loss: 0.21215 -------- Testing Loss: 1.31630 -------- Training Acc: 1.00000 -------- Testing Acc: 0.70290 -------- Class Acc: 0.70901
confusion_matrix:
0.71613 0.16452 0.06774 0.05161
0.20344 0.65043 0.04871 0.09742
0.16000 0.08000 0.74222 0.01778
0.14091 0.11364 0.01818 0.72727
Epoch: 19-----------Training Loss: 0.16164 -------- Testing Loss: 1.38565 -------- Training Acc: 1.00000 -------- Testing Acc: 0.71105 -------- Class Acc: 0.71237
confusion_matrix:
0.74516 0.14516 0.04516 0.06452
0.18625 0.67908 0.04011 0.09456
0.20889 0.08000 0.68889 0.02222
0.13636 0.10909 0.01818 0.73636
Epoch: 20-----------Training Loss: 0.13953 -------- Testing Loss: 1.50727 -------- Training Acc: 1.00000 -------- Testing Acc: 0.69293 -------- Class Acc: 0.69303
confusion_matrix:
0.78387 0.12903 0.03226 0.05484
0.24642 0.63037 0.03152 0.09169
0.25333 0.07556 0.65333 0.01778
0.16364 0.11364 0.01818 0.70455
Epoch: 21-----------Training Loss: 0.14112 -------- Testing Loss: 1.49487 -------- Training Acc: 1.00000 -------- Testing Acc: 0.69656 -------- Class Acc: 0.69881
confusion_matrix:
0.72903 0.15484 0.04839 0.06774
0.23209 0.65903 0.02865 0.08023
0.22222 0.07556 0.68444 0.01778
0.14545 0.11364 0.01818 0.72273
Epoch: 22-----------Training Loss: 0.14342 -------- Testing Loss: 1.71291 -------- Training Acc: 1.00000 -------- Testing Acc: 0.68025 -------- Class Acc: 0.67140
confusion_matrix:
0.80000 0.13871 0.03871 0.02258
0.25501 0.65903 0.02865 0.05731
0.26667 0.09333 0.63111 0.00889
0.19545 0.19091 0.01818 0.59545
Epoch: 23-----------Training Loss: 0.15032 -------- Testing Loss: 1.47290 -------- Training Acc: 1.00000 -------- Testing Acc: 0.70471 -------- Class Acc: 0.70123
confusion_matrix:
0.74839 0.16129 0.04194 0.04839
0.19484 0.69914 0.02865 0.07736
0.23111 0.08000 0.67556 0.01333
0.15909 0.13182 0.02727 0.68182
Epoch: 24-----------Training Loss: 0.13988 -------- Testing Loss: 1.61062 -------- Training Acc: 1.00000 -------- Testing Acc: 0.69565 -------- Class Acc: 0.69604
confusion_matrix:
0.76774 0.12903 0.03871 0.06452
0.24642 0.64470 0.02579 0.08309
0.25778 0.07556 0.64444 0.02222
0.16364 0.10000 0.00909 0.72727
Epoch: 25-----------Training Loss: 0.10584 -------- Testing Loss: 1.58933 -------- Training Acc: 0.99955 -------- Testing Acc: 0.69384 -------- Class Acc: 0.69681
confusion_matrix:
0.76452 0.12581 0.04194 0.06774
0.24355 0.62464 0.03438 0.09742
0.23111 0.06222 0.68444 0.02222
0.15909 0.10909 0.01818 0.71364
Epoch: 26-----------Training Loss: 0.10260 -------- Testing Loss: 1.65752 -------- Training Acc: 1.00000 -------- Testing Acc: 0.69565 -------- Class Acc: 0.69674
confusion_matrix:
0.73548 0.15484 0.03548 0.07419
0.21777 0.66189 0.02579 0.09456
0.24000 0.07556 0.65778 0.02667
0.13636 0.11364 0.01818 0.73182
Epoch: 27-----------Training Loss: 0.10615 -------- Testing Loss: 1.71477 -------- Training Acc: 1.00000 -------- Testing Acc: 0.68750 -------- Class Acc: 0.68805
confusion_matrix:
0.71935 0.15161 0.03548 0.09355
0.20057 0.66476 0.02865 0.10602
0.28444 0.07556 0.60444 0.03556
0.12273 0.10000 0.01364 0.76364
Epoch: 28-----------Training Loss: 0.24553 -------- Testing Loss: 1.43568 -------- Training Acc: 0.99638 -------- Testing Acc: 0.67572 -------- Class Acc: 0.67481
confusion_matrix:
0.66129 0.20323 0.06452 0.07097
0.20630 0.69341 0.02292 0.07736
0.21333 0.12889 0.64000 0.01778
0.11818 0.15455 0.02273 0.70455
Epoch: 29-----------Training Loss: 0.35982 -------- Testing Loss: 1.40822 -------- Training Acc: 1.00000 -------- Testing Acc: 0.69022 -------- Class Acc: 0.69103
confusion_matrix:
0.69032 0.18065 0.05161 0.07742
0.20057 0.68481 0.02292 0.09169
0.20444 0.09333 0.68444 0.01778
0.13182 0.13636 0.02727 0.70455
Epoch: 30-----------Training Loss: 0.24720 -------- Testing Loss: 1.40634 -------- Training Acc: 1.00000 -------- Testing Acc: 0.69837 -------- Class Acc: 0.69904
confusion_matrix:
0.68710 0.18710 0.06129 0.06452
0.17479 0.70201 0.03152 0.09169
0.18667 0.10667 0.68889 0.01778
0.13182 0.12727 0.02273 0.71818
Epoch: 31-----------Training Loss: 0.18737 -------- Testing Loss: 1.45260 -------- Training Acc: 1.00000 -------- Testing Acc: 0.71467 -------- Class Acc: 0.71610
confusion_matrix:
0.69032 0.18710 0.05484 0.06774
0.16046 0.72206 0.02865 0.08883
0.17778 0.09333 0.71111 0.01778
0.11364 0.12273 0.02273 0.74091
Epoch: 32-----------Training Loss: 0.15326 -------- Testing Loss: 1.52485 -------- Training Acc: 1.00000 -------- Testing Acc: 0.70471 -------- Class Acc: 0.70804
confusion_matrix:
0.72903 0.14839 0.06129 0.06129
0.21203 0.66476 0.03438 0.08883
0.21333 0.05778 0.71111 0.01778
0.14091 0.11364 0.01818 0.72727
Epoch: 33-----------Training Loss: 0.13302 -------- Testing Loss: 1.54219 -------- Training Acc: 1.00000 -------- Testing Acc: 0.69746 -------- Class Acc: 0.69799
confusion_matrix:
0.70323 0.17742 0.04839 0.07097
0.20630 0.69054 0.02865 0.07450
0.21778 0.08000 0.68000 0.02222
0.13636 0.12727 0.01818 0.71818
Epoch: 34-----------Training Loss: 0.21011 -------- Testing Loss: 1.49016 -------- Training Acc: 1.00000 -------- Testing Acc: 0.69746 -------- Class Acc: 0.70153
confusion_matrix:
0.62581 0.22903 0.06452 0.08065
0.15759 0.71920 0.03725 0.08596
0.15556 0.11556 0.71111 0.01778
0.10909 0.12273 0.01818 0.75000
Epoch: 35-----------Training Loss: 0.14130 -------- Testing Loss: 1.57018 -------- Training Acc: 1.00000 -------- Testing Acc: 0.70018 -------- Class Acc: 0.69553
confusion_matrix:
0.68065 0.20000 0.04194 0.07742
0.16332 0.74785 0.02006 0.06877
0.22667 0.12000 0.64000 0.01333
0.12727 0.14091 0.01818 0.71364
Epoch: 36-----------Training Loss: 0.10322 -------- Testing Loss: 1.70225 -------- Training Acc: 1.00000 -------- Testing Acc: 0.68841 -------- Class Acc: 0.68356
confusion_matrix:
0.65161 0.23548 0.04194 0.07097
0.15473 0.75072 0.01146 0.08309
0.22667 0.15111 0.59556 0.02667
0.11364 0.13182 0.01818 0.73636
Epoch: 37-----------Training Loss: 0.11063 -------- Testing Loss: 1.52368 -------- Training Acc: 1.00000 -------- Testing Acc: 0.69928 -------- Class Acc: 0.69707
confusion_matrix:
0.63226 0.22258 0.06452 0.08065
0.14327 0.76218 0.02292 0.07163
0.19111 0.12000 0.67111 0.01778
0.11818 0.14091 0.01818 0.72273
Epoch: 38-----------Training Loss: 0.10543 -------- Testing Loss: 1.75631 -------- Training Acc: 1.00000 -------- Testing Acc: 0.68931 -------- Class Acc: 0.69291
confusion_matrix:
0.70000 0.14839 0.04839 0.10323
0.19484 0.65903 0.02579 0.12034
0.23556 0.09333 0.64444 0.02667
0.12273 0.09545 0.01364 0.76818
Epoch: 39-----------Training Loss: 0.08841 -------- Testing Loss: 1.66788 -------- Training Acc: 1.00000 -------- Testing Acc: 0.70924 -------- Class Acc: 0.71643
confusion_matrix:
0.66129 0.18387 0.06129 0.09355
0.16619 0.69341 0.03438 0.10602
0.18222 0.08000 0.71556 0.02222
0.09545 0.09545 0.01364 0.79545
Epoch: 40-----------Training Loss: 0.08095 -------- Testing Loss: 1.59903 -------- Training Acc: 1.00000 -------- Testing Acc: 0.70833 -------- Class Acc: 0.70990
confusion_matrix:
0.66452 0.19032 0.06774 0.07742
0.16046 0.72779 0.03725 0.07450
0.16889 0.09333 0.72000 0.01778
0.12273 0.12727 0.02273 0.72727
Epoch: 41-----------Training Loss: 0.08795 -------- Testing Loss: 1.61037 -------- Training Acc: 1.00000 -------- Testing Acc: 0.70109 -------- Class Acc: 0.69823
confusion_matrix:
0.62903 0.25161 0.05806 0.06129
0.13754 0.77077 0.03438 0.05731
0.15556 0.12889 0.70222 0.01333
0.11818 0.16818 0.02273 0.69091
Epoch: 42-----------Training Loss: 0.08423 -------- Testing Loss: 1.63640 -------- Training Acc: 1.00000 -------- Testing Acc: 0.69565 -------- Class Acc: 0.69688
confusion_matrix:
0.62581 0.21290 0.10323 0.05806
0.16046 0.73352 0.04871 0.05731
0.13778 0.08889 0.76000 0.01333
0.12273 0.17273 0.03636 0.66818
Epoch: 43-----------Training Loss: 0.09720 -------- Testing Loss: 1.58992 -------- Training Acc: 1.00000 -------- Testing Acc: 0.70471 -------- Class Acc: 0.70726
confusion_matrix:
0.64194 0.19355 0.11290 0.05161
0.15759 0.72779 0.05444 0.06017
0.11556 0.08000 0.79111 0.01333
0.14091 0.15455 0.03636 0.66818
Epoch: 44-----------Training Loss: 0.07626 -------- Testing Loss: 1.63101 -------- Training Acc: 1.00000 -------- Testing Acc: 0.70471 -------- Class Acc: 0.70853
confusion_matrix:
0.64839 0.19677 0.07097 0.08387
0.17192 0.71633 0.04011 0.07163
0.15556 0.08000 0.74667 0.01778
0.11364 0.14091 0.02273 0.72273
Epoch: 45-----------Training Loss: 0.04573 -------- Testing Loss: 1.74334 -------- Training Acc: 1.00000 -------- Testing Acc: 0.71105 -------- Class Acc: 0.71164
confusion_matrix:
0.67742 0.19355 0.04839 0.08065
0.16905 0.73066 0.03152 0.06877
0.19111 0.08889 0.70667 0.01333
0.11364 0.13182 0.02273 0.73182
Epoch: 46-----------Training Loss: 0.03010 -------- Testing Loss: 1.87203 -------- Training Acc: 1.00000 -------- Testing Acc: 0.68931 -------- Class Acc: 0.69017
confusion_matrix:
0.55161 0.30645 0.06129 0.08065
0.11461 0.77937 0.02579 0.08023
0.13333 0.15556 0.69333 0.01778
0.09091 0.15000 0.02273 0.73636
Epoch: 47-----------Training Loss: 0.04107 -------- Testing Loss: 1.72327 -------- Training Acc: 1.00000 -------- Testing Acc: 0.70833 -------- Class Acc: 0.71260
confusion_matrix:
0.61290 0.21935 0.07419 0.09355
0.14327 0.74499 0.03438 0.07736
0.14222 0.11111 0.72889 0.01778
0.09545 0.11818 0.02273 0.76364
Epoch: 48-----------Training Loss: 0.03308 -------- Testing Loss: 1.73571 -------- Training Acc: 1.00000 -------- Testing Acc: 0.71105 -------- Class Acc: 0.71056
confusion_matrix:
0.68387 0.19032 0.05484 0.07097
0.16905 0.73352 0.02865 0.06877
0.18222 0.09778 0.70667 0.01333
0.12727 0.13182 0.02273 0.71818
Epoch: 49-----------Training Loss: 0.02519 -------- Testing Loss: 1.83271 -------- Training Acc: 1.00000 -------- Testing Acc: 0.70380 -------- Class Acc: 0.70118
confusion_matrix:
0.60968 0.27419 0.04194 0.07419
0.11461 0.78797 0.02292 0.07450
0.15111 0.13778 0.68889 0.02222
0.10000 0.15909 0.02273 0.71818
Epoch: 50-----------Training Loss: 0.03999 -------- Testing Loss: 1.84996 -------- Training Acc: 1.00000 -------- Testing Acc: 0.70652 -------- Class Acc: 0.71050
confusion_matrix:
0.57097 0.26774 0.05806 0.10323
0.12894 0.77364 0.02579 0.07163
0.13778 0.11556 0.71556 0.03111
0.05909 0.14545 0.01364 0.78182
Best Accuracy:0.71467
Average Top 10 Accuracy:0.71141
Best Class Accuracy:0.71643
Average Top 10 Class Accuracy:0.71383
============================= model ends ===================================

============ model starts, fold 2 ===========
model_parameters: 2625096
model:model1;batch_size:128;out_channels:[64, 16];kernel_size_cnn:[[4, 2], [2, 4]];weight:tensor([0.5000], device='cuda:0');lr:0.001
Epoch: 1-----------Training Loss: 1.17069 -------- Testing Loss: 1.13142 -------- Training Acc: 0.47762 -------- Testing Acc: 0.53351 -------- Class Acc: 0.52650
confusion_matrix:
0.56173 0.21605 0.10802 0.11420
0.21622 0.51351 0.02432 0.24595
0.34946 0.22581 0.36559 0.05914
0.05804 0.27232 0.00446 0.66518
Epoch: 2-----------Training Loss: 1.01912 -------- Testing Loss: 1.09130 -------- Training Acc: 0.58590 -------- Testing Acc: 0.57699 -------- Class Acc: 0.59448
confusion_matrix:
0.56481 0.15123 0.12654 0.15741
0.21351 0.46216 0.03243 0.29189
0.23118 0.16129 0.51613 0.09140
0.07589 0.07589 0.01339 0.83482
Epoch: 3-----------Training Loss: 0.91867 -------- Testing Loss: 1.16426 -------- Training Acc: 0.64602 -------- Testing Acc: 0.55797 -------- Class Acc: 0.59683
confusion_matrix:
0.55556 0.08951 0.14198 0.21296
0.18378 0.32703 0.06216 0.42703
0.17742 0.04839 0.58065 0.19355
0.04911 0.01339 0.01339 0.92411
Epoch: 4-----------Training Loss: 0.83016 -------- Testing Loss: 1.35048 -------- Training Acc: 0.70118 -------- Testing Acc: 0.50634 -------- Class Acc: 0.51277
confusion_matrix:
0.75926 0.04321 0.00926 0.18827
0.36757 0.21081 0.01081 0.41081
0.59140 0.03763 0.18817 0.18280
0.10268 0.00446 0.00000 0.89286
Epoch: 5-----------Training Loss: 0.74048 -------- Testing Loss: 1.31651 -------- Training Acc: 0.75610 -------- Testing Acc: 0.55978 -------- Class Acc: 0.55262
confusion_matrix:
0.73765 0.08333 0.00309 0.17593
0.21622 0.38378 0.00811 0.39189
0.49462 0.16129 0.18280 0.16129
0.08482 0.00893 0.00000 0.90625
Epoch: 6-----------Training Loss: 0.61974 -------- Testing Loss: 1.08982 -------- Training Acc: 0.81713 -------- Testing Acc: 0.65670 -------- Class Acc: 0.64599
confusion_matrix:
0.63272 0.21605 0.01543 0.13580
0.11351 0.67568 0.01081 0.20000
0.19892 0.30108 0.41398 0.08602
0.07143 0.06696 0.00000 0.86161
Epoch: 7-----------Training Loss: 0.49818 -------- Testing Loss: 1.12674 -------- Training Acc: 0.88585 -------- Testing Acc: 0.63315 -------- Class Acc: 0.62190
confusion_matrix:
0.68827 0.17593 0.05247 0.08333
0.19459 0.62703 0.03514 0.14324
0.18817 0.27957 0.48925 0.04301
0.12054 0.19196 0.00446 0.68304
Epoch: 8-----------Training Loss: 0.42183 -------- Testing Loss: 1.91117 -------- Training Acc: 0.92382 -------- Testing Acc: 0.53623 -------- Class Acc: 0.53732
confusion_matrix:
0.83642 0.05556 0.06481 0.04321
0.54324 0.32432 0.04865 0.08378
0.41935 0.02688 0.53763 0.01613
0.50000 0.04018 0.00893 0.45089
Epoch: 9-----------Training Loss: 0.36652 -------- Testing Loss: 1.83998 -------- Training Acc: 0.95027 -------- Testing Acc: 0.58696 -------- Class Acc: 0.62215
confusion_matrix:
0.38889 0.16975 0.33025 0.11111
0.10000 0.55676 0.21622 0.12703
0.01613 0.17204 0.77957 0.03226
0.04464 0.13839 0.05357 0.76339
Epoch: 10-----------Training Loss: 0.32313 -------- Testing Loss: 1.87361 -------- Training Acc: 0.97084 -------- Testing Acc: 0.58062 -------- Class Acc: 0.55445
confusion_matrix:
0.41049 0.45062 0.05247 0.08642
0.07027 0.82973 0.02432 0.07568
0.05914 0.45161 0.47312 0.01613
0.04911 0.43750 0.00893 0.50446
Epoch: 11-----------Training Loss: 0.29647 -------- Testing Loss: 1.48849 -------- Training Acc: 0.97740 -------- Testing Acc: 0.62953 -------- Class Acc: 0.62768
confusion_matrix:
0.76543 0.08951 0.03395 0.11111
0.25946 0.49730 0.02703 0.21622
0.27957 0.19355 0.43548 0.09140
0.12500 0.06250 0.00000 0.81250
Epoch: 12-----------Training Loss: 0.27676 -------- Testing Loss: 1.52407 -------- Training Acc: 0.98599 -------- Testing Acc: 0.65308 -------- Class Acc: 0.65083
confusion_matrix:
0.72840 0.11728 0.05556 0.09877
0.25135 0.58108 0.03784 0.12973
0.21505 0.22043 0.52151 0.04301
0.08036 0.14732 0.00000 0.77232
Epoch: 13-----------Training Loss: 0.23711 -------- Testing Loss: 1.79133 -------- Training Acc: 0.99435 -------- Testing Acc: 0.63678 -------- Class Acc: 0.66669
confusion_matrix:
0.59877 0.09877 0.18519 0.11728
0.20000 0.51081 0.12432 0.16486
0.07527 0.08602 0.75806 0.08065
0.07589 0.10268 0.02232 0.79911
Epoch: 14-----------Training Loss: 0.27219 -------- Testing Loss: 1.46020 -------- Training Acc: 0.99706 -------- Testing Acc: 0.63587 -------- Class Acc: 0.64909
confusion_matrix:
0.69444 0.09259 0.14198 0.07099
0.25946 0.53243 0.09459 0.11351
0.12903 0.13978 0.70430 0.02688
0.20089 0.11161 0.02232 0.66518
Epoch: 15-----------Training Loss: 0.23148 -------- Testing Loss: 1.71930 -------- Training Acc: 0.99864 -------- Testing Acc: 0.65036 -------- Class Acc: 0.65475
confusion_matrix:
0.75309 0.08951 0.06790 0.08951
0.25135 0.54054 0.06486 0.14324
0.20968 0.15054 0.60215 0.03763
0.16518 0.08929 0.02232 0.72321
Epoch: 16-----------Training Loss: 0.23406 -------- Testing Loss: 1.41243 -------- Training Acc: 0.99910 -------- Testing Acc: 0.67120 -------- Class Acc: 0.67808
confusion_matrix:
0.68519 0.12963 0.07099 0.11420
0.18378 0.60000 0.05135 0.16486
0.11828 0.19355 0.59677 0.09140
0.08929 0.06250 0.01786 0.83036
Epoch: 17-----------Training Loss: 0.21003 -------- Testing Loss: 1.41147 -------- Training Acc: 0.99977 -------- Testing Acc: 0.67572 -------- Class Acc: 0.67401
confusion_matrix:
0.59568 0.23148 0.06790 0.10494
0.13514 0.71351 0.03243 0.11892
0.08602 0.27419 0.56989 0.06989
0.07143 0.10268 0.00893 0.81696
Epoch: 18-----------Training Loss: 0.16928 -------- Testing Loss: 1.39787 -------- Training Acc: 1.00000 -------- Testing Acc: 0.68388 -------- Class Acc: 0.68397
confusion_matrix:
0.62654 0.18519 0.08951 0.09877
0.14054 0.70270 0.04865 0.10811
0.09140 0.25806 0.60753 0.04301
0.08929 0.09821 0.01339 0.79911
Epoch: 19-----------Training Loss: 0.14566 -------- Testing Loss: 1.47304 -------- Training Acc: 1.00000 -------- Testing Acc: 0.68931 -------- Class Acc: 0.68678
confusion_matrix:
0.74383 0.10494 0.06173 0.08951
0.20541 0.63784 0.04865 0.10811
0.16129 0.20968 0.57527 0.05376
0.10714 0.08929 0.01339 0.79018
Epoch: 20-----------Training Loss: 0.12422 -------- Testing Loss: 1.47593 -------- Training Acc: 1.00000 -------- Testing Acc: 0.68569 -------- Class Acc: 0.68092
confusion_matrix:
0.68519 0.16667 0.05556 0.09259
0.16216 0.68378 0.04595 0.10811
0.13978 0.23656 0.56452 0.05914
0.09375 0.10268 0.01339 0.79018
Epoch: 21-----------Training Loss: 0.11853 -------- Testing Loss: 1.45275 -------- Training Acc: 1.00000 -------- Testing Acc: 0.68931 -------- Class Acc: 0.68839
confusion_matrix:
0.67284 0.15432 0.08642 0.08642
0.16486 0.68919 0.04865 0.09730
0.08065 0.23656 0.62366 0.05914
0.09821 0.11607 0.01786 0.76786
Epoch: 22-----------Training Loss: 0.13722 -------- Testing Loss: 1.46368 -------- Training Acc: 1.00000 -------- Testing Acc: 0.68569 -------- Class Acc: 0.68816
confusion_matrix:
0.60185 0.20988 0.09877 0.08951
0.14054 0.72162 0.05135 0.08649
0.05914 0.23118 0.66129 0.04839
0.08929 0.12946 0.01339 0.76786
Epoch: 23-----------Training Loss: 0.16054 -------- Testing Loss: 1.52026 -------- Training Acc: 0.99955 -------- Testing Acc: 0.66848 -------- Class Acc: 0.67312
confusion_matrix:
0.51852 0.25617 0.12037 0.10494
0.11351 0.73243 0.05676 0.09730
0.04301 0.27419 0.62903 0.05376
0.06250 0.10714 0.01786 0.81250
Epoch: 24-----------Training Loss: 0.19004 -------- Testing Loss: 1.57163 -------- Training Acc: 1.00000 -------- Testing Acc: 0.67935 -------- Class Acc: 0.67765
confusion_matrix:
0.76852 0.08951 0.04630 0.09568
0.24865 0.59459 0.03514 0.12162
0.16129 0.23656 0.54839 0.05376
0.10714 0.08036 0.01339 0.79911
Epoch: 25-----------Training Loss: 0.13005 -------- Testing Loss: 1.65859 -------- Training Acc: 1.00000 -------- Testing Acc: 0.67754 -------- Class Acc: 0.67210
confusion_matrix:
0.79012 0.08333 0.03086 0.09568
0.25405 0.59459 0.02703 0.12432
0.21505 0.19892 0.52688 0.05914
0.12946 0.08482 0.00893 0.77679
Epoch: 26-----------Training Loss: 0.08663 -------- Testing Loss: 1.66042 -------- Training Acc: 1.00000 -------- Testing Acc: 0.69565 -------- Class Acc: 0.68485
confusion_matrix:
0.75926 0.11111 0.03395 0.09568
0.18108 0.67027 0.02432 0.12432
0.18280 0.24731 0.51075 0.05914
0.12500 0.07143 0.00446 0.79911
