
============ model starts, fold 0 ===========
model_parameters: 3731496
model:model10;batch_size:128;out_channels:[64, 16];kernel_size_cnn:[[4, 2], [2, 4]];weight:0.5;lr:0.001
Epoch: 1-----------Training Loss: 1.26655 -------- Testing Loss: 1.18115 -------- Training Acc: 0.42156 -------- Testing Acc: 0.53351 -------- Class Acc: 0.55334
confusion_matrix:
0.65000 0.08438 0.10938 0.15625
0.34568 0.26852 0.05556 0.33025
0.30000 0.05200 0.55200 0.09600
0.07143 0.13333 0.05238 0.74286
Epoch: 2-----------Training Loss: 1.12836 -------- Testing Loss: 1.09366 -------- Training Acc: 0.53029 -------- Testing Acc: 0.55797 -------- Class Acc: 0.57895
confusion_matrix:
0.56875 0.14688 0.12500 0.15937
0.24074 0.37963 0.04012 0.33951
0.24000 0.05600 0.59600 0.10800
0.06190 0.13333 0.03333 0.77143
Epoch: 3-----------Training Loss: 1.02219 -------- Testing Loss: 1.02151 -------- Training Acc: 0.58657 -------- Testing Acc: 0.58424 -------- Class Acc: 0.60113
confusion_matrix:
0.54063 0.20938 0.10312 0.14688
0.18210 0.49074 0.03395 0.29321
0.19200 0.11200 0.61600 0.08000
0.05714 0.16190 0.02381 0.75714
Epoch: 4-----------Training Loss: 0.96276 -------- Testing Loss: 1.02790 -------- Training Acc: 0.61799 -------- Testing Acc: 0.58967 -------- Class Acc: 0.61902
confusion_matrix:
0.49688 0.14375 0.19062 0.16875
0.17284 0.42284 0.05864 0.34568
0.12000 0.07600 0.70400 0.10000
0.05238 0.07143 0.02381 0.85238
Epoch: 5-----------Training Loss: 0.91852 -------- Testing Loss: 1.02446 -------- Training Acc: 0.64241 -------- Testing Acc: 0.59511 -------- Class Acc: 0.61552
confusion_matrix:
0.47813 0.15937 0.25000 0.11250
0.17593 0.48148 0.14506 0.19753
0.07600 0.07200 0.81200 0.04000
0.06190 0.17143 0.07619 0.69048
Epoch: 6-----------Training Loss: 0.87148 -------- Testing Loss: 0.93164 -------- Training Acc: 0.67563 -------- Testing Acc: 0.63949 -------- Class Acc: 0.65492
confusion_matrix:
0.58437 0.18125 0.10312 0.13125
0.13889 0.54938 0.07716 0.23457
0.11200 0.12400 0.72400 0.04000
0.07619 0.12381 0.03810 0.76190
Epoch: 7-----------Training Loss: 0.78564 -------- Testing Loss: 1.01830 -------- Training Acc: 0.72491 -------- Testing Acc: 0.61866 -------- Class Acc: 0.64116
confusion_matrix:
0.66875 0.09062 0.05625 0.18438
0.22531 0.40123 0.02469 0.34877
0.19200 0.11600 0.62800 0.06400
0.07143 0.04286 0.01905 0.86667
Epoch: 8-----------Training Loss: 0.72132 -------- Testing Loss: 1.00202 -------- Training Acc: 0.76424 -------- Testing Acc: 0.61322 -------- Class Acc: 0.63357
confusion_matrix:
0.74375 0.07187 0.03750 0.14688
0.33333 0.33642 0.04321 0.28704
0.25200 0.06800 0.61600 0.06400
0.10000 0.03810 0.02381 0.83810
Epoch: 9-----------Training Loss: 0.66754 -------- Testing Loss: 1.16314 -------- Training Acc: 0.78978 -------- Testing Acc: 0.62953 -------- Class Acc: 0.64473
confusion_matrix:
0.61250 0.19062 0.03750 0.15937
0.13580 0.55556 0.03086 0.27778
0.22400 0.14400 0.56800 0.06400
0.07619 0.06667 0.01429 0.84286
Epoch: 10-----------Training Loss: 0.62768 -------- Testing Loss: 1.82264 -------- Training Acc: 0.81804 -------- Testing Acc: 0.55254 -------- Class Acc: 0.57413
confusion_matrix:
0.47187 0.13750 0.30312 0.08750
0.19444 0.37037 0.28395 0.15123
0.06800 0.06000 0.84000 0.03200
0.14286 0.05714 0.18571 0.61429
Epoch: 11-----------Training Loss: 0.59588 -------- Testing Loss: 1.19923 -------- Training Acc: 0.83522 -------- Testing Acc: 0.63315 -------- Class Acc: 0.65885
confusion_matrix:
0.65938 0.08750 0.05000 0.20312
0.19753 0.41049 0.04630 0.34568
0.16400 0.08000 0.65600 0.10000
0.05238 0.01905 0.01905 0.90952
Epoch: 12-----------Training Loss: 0.51107 -------- Testing Loss: 1.10693 -------- Training Acc: 0.87025 -------- Testing Acc: 0.65942 -------- Class Acc: 0.66188
confusion_matrix:
0.68437 0.17188 0.06875 0.07500
0.20062 0.61420 0.04938 0.13580
0.16000 0.12000 0.66800 0.05200
0.17619 0.11905 0.02381 0.68095
Epoch: 13-----------Training Loss: 0.43888 -------- Testing Loss: 1.26862 -------- Training Acc: 0.90348 -------- Testing Acc: 0.65217 -------- Class Acc: 0.65469
confusion_matrix:
0.72500 0.10938 0.05625 0.10938
0.22840 0.58025 0.02469 0.16667
0.19600 0.14800 0.60400 0.05200
0.12857 0.14286 0.01905 0.70952
Epoch: 14-----------Training Loss: 0.41118 -------- Testing Loss: 1.37053 -------- Training Acc: 0.91682 -------- Testing Acc: 0.61232 -------- Class Acc: 0.62130
confusion_matrix:
0.59688 0.21250 0.05937 0.13125
0.22840 0.58642 0.01852 0.16667
0.23200 0.19200 0.54000 0.03600
0.12857 0.09048 0.01905 0.76190
Epoch: 15-----------Training Loss: 0.33457 -------- Testing Loss: 1.63778 -------- Training Acc: 0.94801 -------- Testing Acc: 0.59511 -------- Class Acc: 0.60772
confusion_matrix:
0.72500 0.11250 0.02813 0.13437
0.36111 0.39198 0.02160 0.22531
0.30400 0.09600 0.55200 0.04800
0.20476 0.02857 0.00476 0.76190
Epoch: 16-----------Training Loss: 0.28815 -------- Testing Loss: 1.81676 -------- Training Acc: 0.96270 -------- Testing Acc: 0.61051 -------- Class Acc: 0.60170
confusion_matrix:
0.66875 0.15000 0.13125 0.05000
0.26235 0.58642 0.10494 0.04630
0.19600 0.09200 0.70400 0.00800
0.25238 0.26190 0.03810 0.44762
Epoch: 17-----------Training Loss: 0.23503 -------- Testing Loss: 1.88115 -------- Training Acc: 0.97310 -------- Testing Acc: 0.61957 -------- Class Acc: 0.61444
confusion_matrix:
0.70625 0.12812 0.10000 0.06563
0.24691 0.53704 0.08951 0.12654
0.16400 0.08800 0.72400 0.02400
0.16667 0.30476 0.03810 0.49048
Epoch: 18-----------Training Loss: 0.25346 -------- Testing Loss: 1.32672 -------- Training Acc: 0.96722 -------- Testing Acc: 0.65942 -------- Class Acc: 0.65295
confusion_matrix:
0.56563 0.29063 0.08125 0.06250
0.08642 0.77778 0.05864 0.07716
0.08800 0.17600 0.71600 0.02000
0.12857 0.28571 0.03333 0.55238
Epoch: 19-----------Training Loss: 0.19751 -------- Testing Loss: 1.91645 -------- Training Acc: 0.98237 -------- Testing Acc: 0.62681 -------- Class Acc: 0.63091
confusion_matrix:
0.68750 0.10000 0.16562 0.04688
0.32716 0.46605 0.12346 0.08333
0.07600 0.08000 0.83200 0.01200
0.31429 0.10476 0.04286 0.53810
Epoch: 20-----------Training Loss: 0.19937 -------- Testing Loss: 2.01166 -------- Training Acc: 0.98621 -------- Testing Acc: 0.61775 -------- Class Acc: 0.61458
confusion_matrix:
0.69688 0.10312 0.16250 0.03750
0.33025 0.49383 0.12037 0.05556
0.10400 0.06000 0.82000 0.01600
0.29524 0.20476 0.05238 0.44762
Epoch: 21-----------Training Loss: 0.29233 -------- Testing Loss: 1.63472 -------- Training Acc: 0.96835 -------- Testing Acc: 0.61232 -------- Class Acc: 0.60900
confusion_matrix:
0.76875 0.13437 0.01250 0.08438
0.30556 0.54630 0.00926 0.13889
0.33600 0.19600 0.44000 0.02800
0.15238 0.16190 0.00476 0.68095
Epoch: 22-----------Training Loss: 0.23662 -------- Testing Loss: 1.42453 -------- Training Acc: 0.97875 -------- Testing Acc: 0.66304 -------- Class Acc: 0.67142
confusion_matrix:
0.61562 0.10938 0.19375 0.08125
0.18210 0.60185 0.11111 0.10494
0.07200 0.10400 0.79200 0.03200
0.12857 0.15238 0.04286 0.67619
Epoch: 23-----------Training Loss: 0.19886 -------- Testing Loss: 1.62962 -------- Training Acc: 0.98802 -------- Testing Acc: 0.58333 -------- Class Acc: 0.58466
confusion_matrix:
0.75938 0.13437 0.03750 0.06875
0.41975 0.41049 0.05864 0.11111
0.31200 0.10400 0.56400 0.02000
0.22381 0.14762 0.02381 0.60476
Epoch: 24-----------Training Loss: 0.13110 -------- Testing Loss: 2.04589 -------- Training Acc: 0.99367 -------- Testing Acc: 0.60870 -------- Class Acc: 0.58074
confusion_matrix:
0.66875 0.27187 0.01875 0.04063
0.17901 0.79630 0.00926 0.01543
0.24400 0.25200 0.49600 0.00800
0.15238 0.47619 0.00952 0.36190
Epoch: 25-----------Training Loss: 0.09908 -------- Testing Loss: 1.71569 -------- Training Acc: 0.99548 -------- Testing Acc: 0.65217 -------- Class Acc: 0.64909
confusion_matrix:
0.57500 0.28750 0.06563 0.07187
0.14198 0.74383 0.03086 0.08333
0.15600 0.16000 0.66800 0.01600
0.16190 0.20476 0.02381 0.60952
Epoch: 26-----------Training Loss: 0.09527 -------- Testing Loss: 1.62743 -------- Training Acc: 0.99616 -------- Testing Acc: 0.66486 -------- Class Acc: 0.66858
confusion_matrix:
0.68750 0.20000 0.02500 0.08750
0.19753 0.63272 0.02469 0.14506
0.19600 0.16000 0.61600 0.02800
0.12857 0.12381 0.00952 0.73810
Epoch: 27-----------Training Loss: 0.11406 -------- Testing Loss: 2.03563 -------- Training Acc: 0.99751 -------- Testing Acc: 0.65851 -------- Class Acc: 0.66393
confusion_matrix:
0.55000 0.22812 0.13750 0.08438
0.13580 0.69753 0.06173 0.10494
0.09600 0.14000 0.73200 0.03200
0.10000 0.19524 0.02857 0.67619
Epoch: 28-----------Training Loss: 0.16117 -------- Testing Loss: 1.50833 -------- Training Acc: 0.99819 -------- Testing Acc: 0.66938 -------- Class Acc: 0.66762
confusion_matrix:
0.57188 0.29063 0.05312 0.08438
0.09568 0.76852 0.01852 0.11728
0.10400 0.19200 0.69200 0.01200
0.09524 0.25238 0.01429 0.63810
Epoch: 29-----------Training Loss: 0.07934 -------- Testing Loss: 1.91825 -------- Training Acc: 0.99977 -------- Testing Acc: 0.63859 -------- Class Acc: 0.63530
confusion_matrix:
0.72188 0.15937 0.01562 0.10312
0.19753 0.62963 0.00926 0.16358
0.31600 0.14400 0.50400 0.03600
0.14286 0.15714 0.01429 0.68571
Epoch: 30-----------Training Loss: 0.08179 -------- Testing Loss: 2.01583 -------- Training Acc: 0.99977 -------- Testing Acc: 0.63768 -------- Class Acc: 0.62703
confusion_matrix:
0.77187 0.14375 0.00313 0.08125
0.23765 0.64198 0.00617 0.11420
0.34000 0.15600 0.48000 0.02400
0.20000 0.17619 0.00952 0.61429
Epoch: 31-----------Training Loss: 0.08455 -------- Testing Loss: 1.73545 -------- Training Acc: 0.99955 -------- Testing Acc: 0.67482 -------- Class Acc: 0.67073
confusion_matrix:
0.69688 0.19062 0.02500 0.08750
0.15741 0.69444 0.02469 0.12346
0.18800 0.14800 0.64400 0.02000
0.13333 0.20476 0.01429 0.64762
Epoch: 32-----------Training Loss: 0.11021 -------- Testing Loss: 1.84757 -------- Training Acc: 0.99955 -------- Testing Acc: 0.66033 -------- Class Acc: 0.66182
confusion_matrix:
0.62500 0.23438 0.02813 0.11250
0.12654 0.69753 0.02469 0.15123
0.17200 0.18000 0.62000 0.02800
0.10952 0.17619 0.00952 0.70476
Epoch: 33-----------Training Loss: 0.09265 -------- Testing Loss: 2.00996 -------- Training Acc: 1.00000 -------- Testing Acc: 0.64493 -------- Class Acc: 0.63837
confusion_matrix:
0.58125 0.30938 0.01562 0.09375
0.08951 0.79012 0.01235 0.10802
0.18000 0.24400 0.54400 0.03200
0.11905 0.22857 0.01429 0.63810
Epoch: 34-----------Training Loss: 0.08156 -------- Testing Loss: 1.88789 -------- Training Acc: 0.99977 -------- Testing Acc: 0.66033 -------- Class Acc: 0.65190
confusion_matrix:
0.64062 0.25312 0.01562 0.09062
0.12037 0.76543 0.01543 0.09877
0.18400 0.20000 0.59200 0.02400
0.13333 0.24762 0.00952 0.60952
Epoch: 35-----------Training Loss: 0.13105 -------- Testing Loss: 1.96030 -------- Training Acc: 0.99797 -------- Testing Acc: 0.63859 -------- Class Acc: 0.63602
confusion_matrix:
0.49688 0.35625 0.05625 0.09062
0.08025 0.78395 0.02469 0.11111
0.10400 0.21600 0.66800 0.01200
0.10952 0.27619 0.01905 0.59524

============ model starts, fold 0 ===========
model_parameters: 3731496
model:model10;batch_size:128;out_channels:[64, 16];kernel_size_cnn:[[4, 2], [2, 4]];weight:0.5;lr:0.001
Epoch: 1-----------Training Loss: 1.26655 -------- Testing Loss: 1.18115 -------- Training Acc: 0.42156 -------- Testing Acc: 0.53351 -------- Class Acc: 0.55334
confusion_matrix:
0.65000 0.08438 0.10938 0.15625
0.34568 0.26852 0.05556 0.33025
0.30000 0.05200 0.55200 0.09600
0.07143 0.13333 0.05238 0.74286
Epoch: 2-----------Training Loss: 1.12836 -------- Testing Loss: 1.09364 -------- Training Acc: 0.53052 -------- Testing Acc: 0.55797 -------- Class Acc: 0.57895
confusion_matrix:
0.56875 0.14688 0.12500 0.15937
0.24074 0.37963 0.04012 0.33951
0.24000 0.05600 0.59600 0.10800
0.06190 0.13333 0.03333 0.77143
Epoch: 3-----------Training Loss: 1.02217 -------- Testing Loss: 1.02165 -------- Training Acc: 0.58657 -------- Testing Acc: 0.58424 -------- Class Acc: 0.60113
confusion_matrix:
0.54063 0.20938 0.10312 0.14688
0.18210 0.49074 0.03395 0.29321
0.19200 0.11200 0.61600 0.08000
0.05714 0.16190 0.02381 0.75714
Epoch: 4-----------Training Loss: 0.96279 -------- Testing Loss: 1.02650 -------- Training Acc: 0.61844 -------- Testing Acc: 0.59330 -------- Class Acc: 0.62193
confusion_matrix:
0.51250 0.14375 0.17500 0.16875
0.17284 0.42284 0.05864 0.34568
0.12400 0.07600 0.70000 0.10000
0.05238 0.07143 0.02381 0.85238
Epoch: 5-----------Training Loss: 0.91819 -------- Testing Loss: 1.01979 -------- Training Acc: 0.64195 -------- Testing Acc: 0.59692 -------- Class Acc: 0.61665
confusion_matrix:
0.49062 0.16250 0.23438 0.11250
0.17901 0.48148 0.13889 0.20062
0.08000 0.07600 0.80400 0.04000
0.07143 0.17143 0.06667 0.69048
Epoch: 6-----------Training Loss: 0.87183 -------- Testing Loss: 0.93155 -------- Training Acc: 0.67450 -------- Testing Acc: 0.64493 -------- Class Acc: 0.65991
confusion_matrix:
0.54375 0.20625 0.11875 0.13125
0.09877 0.59877 0.07099 0.23148
0.08800 0.13200 0.74000 0.04000
0.06190 0.14286 0.03810 0.75714
Epoch: 7-----------Training Loss: 0.78590 -------- Testing Loss: 0.97504 -------- Training Acc: 0.72898 -------- Testing Acc: 0.63315 -------- Class Acc: 0.65469
confusion_matrix:
0.68125 0.08125 0.08438 0.15313
0.24691 0.40741 0.05247 0.29321
0.17200 0.08000 0.69200 0.05600
0.09524 0.04762 0.01905 0.83810
Epoch: 8-----------Training Loss: 0.72507 -------- Testing Loss: 1.05623 -------- Training Acc: 0.76605 -------- Testing Acc: 0.62591 -------- Class Acc: 0.64827
confusion_matrix:
0.70000 0.07187 0.03750 0.19062
0.24074 0.38889 0.02778 0.34259
0.21600 0.09200 0.62800 0.06400
0.07143 0.03333 0.01905 0.87619
Epoch: 9-----------Training Loss: 0.66991 -------- Testing Loss: 1.46885 -------- Training Acc: 0.78978 -------- Testing Acc: 0.59692 -------- Class Acc: 0.61773
confusion_matrix:
0.66875 0.11563 0.05000 0.16562
0.25617 0.38580 0.02778 0.33025
0.26000 0.08800 0.56400 0.08800
0.10476 0.03333 0.00952 0.85238
Epoch: 10-----------Training Loss: 0.62940 -------- Testing Loss: 1.08447 -------- Training Acc: 0.81307 -------- Testing Acc: 0.62591 -------- Class Acc: 0.64961
confusion_matrix:
0.62813 0.09688 0.13750 0.13750
0.20062 0.39506 0.12346 0.28086
0.08800 0.06800 0.78000 0.06400
0.09524 0.07619 0.03333 0.79524
Epoch: 11-----------Training Loss: 0.59468 -------- Testing Loss: 1.16750 -------- Training Acc: 0.83748 -------- Testing Acc: 0.61957 -------- Class Acc: 0.64470
confusion_matrix:
0.60313 0.09062 0.12187 0.18438
0.20679 0.42901 0.06790 0.29630
0.15200 0.09200 0.68000 0.07600
0.08095 0.04286 0.00952 0.86667
Epoch: 12-----------Training Loss: 0.51913 -------- Testing Loss: 1.29546 -------- Training Acc: 0.87138 -------- Testing Acc: 0.63949 -------- Class Acc: 0.65813
confusion_matrix:
0.56563 0.20625 0.06875 0.15937
0.15432 0.56481 0.03395 0.24691
0.14400 0.12800 0.66400 0.06400
0.08095 0.07143 0.00952 0.83810
Epoch: 13-----------Training Loss: 0.44326 -------- Testing Loss: 1.38152 -------- Training Acc: 0.89851 -------- Testing Acc: 0.63406 -------- Class Acc: 0.63043
confusion_matrix:
0.71562 0.12812 0.07500 0.08125
0.21605 0.54630 0.07099 0.16667
0.12800 0.09600 0.73600 0.04000
0.30952 0.14286 0.02381 0.52381
Epoch: 14-----------Training Loss: 0.41629 -------- Testing Loss: 1.51703 -------- Training Acc: 0.91772 -------- Testing Acc: 0.56341 -------- Class Acc: 0.55262
confusion_matrix:
0.77812 0.10938 0.07187 0.04063
0.46605 0.39198 0.05556 0.08642
0.22800 0.06400 0.68800 0.02000
0.54762 0.07619 0.02381 0.35238
Epoch: 15-----------Training Loss: 0.34298 -------- Testing Loss: 1.62293 -------- Training Acc: 0.94711 -------- Testing Acc: 0.62681 -------- Class Acc: 0.62593
confusion_matrix:
0.57812 0.19375 0.12500 0.10312
0.16667 0.65741 0.08951 0.08642
0.14400 0.13200 0.69200 0.03200
0.13333 0.27143 0.01905 0.57619
Epoch: 16-----------Training Loss: 0.29082 -------- Testing Loss: 2.07148 -------- Training Acc: 0.96135 -------- Testing Acc: 0.59330 -------- Class Acc: 0.60774
confusion_matrix:
0.66250 0.09688 0.03750 0.20312
0.29938 0.44444 0.04630 0.20988
0.33600 0.08800 0.52400 0.05200
0.11429 0.08095 0.00476 0.80000
Epoch: 17-----------Training Loss: 0.23019 -------- Testing Loss: 2.23575 -------- Training Acc: 0.97242 -------- Testing Acc: 0.56159 -------- Class Acc: 0.55769
confusion_matrix:
0.80937 0.08750 0.02187 0.08125
0.44753 0.41358 0.03086 0.10802
0.49600 0.10000 0.38400 0.02000
0.21905 0.14286 0.01429 0.62381
Epoch: 18-----------Training Loss: 0.24464 -------- Testing Loss: 1.29063 -------- Training Acc: 0.97627 -------- Testing Acc: 0.64855 -------- Class Acc: 0.64364
confusion_matrix:
0.53750 0.26250 0.11875 0.08125
0.10494 0.76543 0.07099 0.05864
0.12000 0.14000 0.72400 0.01600
0.09524 0.30476 0.05238 0.54762
Epoch: 19-----------Training Loss: 0.19777 -------- Testing Loss: 1.78709 -------- Training Acc: 0.98373 -------- Testing Acc: 0.66214 -------- Class Acc: 0.67734
confusion_matrix:
0.62500 0.10625 0.11875 0.15000
0.16358 0.55864 0.12037 0.15741
0.12400 0.11200 0.74000 0.02400
0.06667 0.11429 0.03333 0.78571
Epoch: 20-----------Training Loss: 0.20760 -------- Testing Loss: 1.82427 -------- Training Acc: 0.98169 -------- Testing Acc: 0.64312 -------- Class Acc: 0.64731
confusion_matrix:
0.68437 0.08750 0.12812 0.10000
0.23457 0.53704 0.10185 0.12654
0.14400 0.08400 0.74400 0.02800
0.20000 0.12857 0.04762 0.62381
Epoch: 21-----------Training Loss: 0.25333 -------- Testing Loss: 2.34765 -------- Training Acc: 0.97920 -------- Testing Acc: 0.57609 -------- Class Acc: 0.56829
confusion_matrix:
0.78750 0.05937 0.11250 0.04063
0.42901 0.38889 0.08642 0.09568
0.23200 0.05600 0.69200 0.02000
0.51429 0.06190 0.01905 0.40476
Epoch: 22-----------Training Loss: 0.21434 -------- Testing Loss: 1.50264 -------- Training Acc: 0.98779 -------- Testing Acc: 0.64674 -------- Class Acc: 0.64565
confusion_matrix:
0.67812 0.17500 0.05937 0.08750
0.22222 0.62963 0.03395 0.11420
0.19600 0.15200 0.63200 0.02000
0.18571 0.15238 0.01905 0.64286
Epoch: 23-----------Training Loss: 0.18131 -------- Testing Loss: 1.53277 -------- Training Acc: 0.99412 -------- Testing Acc: 0.64493 -------- Class Acc: 0.62662
confusion_matrix:
0.70000 0.19687 0.07500 0.02813
0.19444 0.71296 0.05556 0.03704
0.16400 0.14000 0.68400 0.01200
0.23810 0.31429 0.03810 0.40952
Epoch: 24-----------Training Loss: 0.12934 -------- Testing Loss: 1.71265 -------- Training Acc: 0.99344 -------- Testing Acc: 0.62591 -------- Class Acc: 0.62226
confusion_matrix:
0.69688 0.20938 0.01875 0.07500
0.23148 0.64815 0.01235 0.10802
0.32000 0.21600 0.44400 0.02000
0.16190 0.12857 0.00952 0.70000
Epoch: 25-----------Training Loss: 0.10215 -------- Testing Loss: 1.64147 -------- Training Acc: 0.99706 -------- Testing Acc: 0.68207 -------- Class Acc: 0.68083
confusion_matrix:
0.62187 0.23750 0.05937 0.08125
0.11420 0.75000 0.03395 0.10185
0.11200 0.18000 0.68000 0.02800
0.09048 0.22381 0.01429 0.67143
Epoch: 26-----------Training Loss: 0.09666 -------- Testing Loss: 1.98684 -------- Training Acc: 0.99616 -------- Testing Acc: 0.65489 -------- Class Acc: 0.65331
confusion_matrix:
0.55312 0.22812 0.16250 0.05625
0.12963 0.72222 0.08333 0.06481
0.09600 0.11600 0.77600 0.01200
0.12857 0.27619 0.03333 0.56190
Epoch: 27-----------Training Loss: 0.11873 -------- Testing Loss: 1.92150 -------- Training Acc: 0.99706 -------- Testing Acc: 0.65942 -------- Class Acc: 0.67489
confusion_matrix:
0.56875 0.18750 0.13437 0.10938
0.14198 0.60185 0.08951 0.16667
0.09600 0.11600 0.74800 0.04000
0.10000 0.10000 0.01905 0.78095
Epoch: 28-----------Training Loss: 0.16695 -------- Testing Loss: 1.41452 -------- Training Acc: 0.99593 -------- Testing Acc: 0.67482 -------- Class Acc: 0.66535
confusion_matrix:
0.63125 0.24063 0.07812 0.05000
0.12037 0.76235 0.04321 0.07407
0.09200 0.14400 0.74400 0.02000
0.14286 0.28571 0.04762 0.52381
Epoch: 29-----------Training Loss: 0.09495 -------- Testing Loss: 1.65004 -------- Training Acc: 0.99706 -------- Testing Acc: 0.63134 -------- Class Acc: 0.63299
confusion_matrix:
0.77500 0.10000 0.02500 0.10000
0.35494 0.50000 0.01852 0.12654
0.27600 0.10800 0.57600 0.04000
0.21905 0.07619 0.02381 0.68095
Epoch: 30-----------Training Loss: 0.09452 -------- Testing Loss: 2.11222 -------- Training Acc: 0.99864 -------- Testing Acc: 0.66033 -------- Class Acc: 0.65294
confusion_matrix:
0.68437 0.15625 0.09688 0.06250
0.21296 0.67901 0.04938 0.05864
0.17200 0.11600 0.69600 0.01600
0.18571 0.21429 0.04762 0.55238
Epoch: 31-----------Training Loss: 0.09628 -------- Testing Loss: 1.70199 -------- Training Acc: 0.99819 -------- Testing Acc: 0.67663 -------- Class Acc: 0.68050
confusion_matrix:
0.65938 0.15625 0.06563 0.11875
0.18210 0.66358 0.03086 0.12346
0.12000 0.16800 0.68000 0.03200
0.11905 0.14762 0.01429 0.71905
Epoch: 32-----------Training Loss: 0.11993 -------- Testing Loss: 1.74221 -------- Training Acc: 0.99729 -------- Testing Acc: 0.66938 -------- Class Acc: 0.66377
confusion_matrix:
0.64375 0.23438 0.05625 0.06563
0.13889 0.71914 0.04938 0.09259
0.11200 0.15200 0.71600 0.02000
0.17143 0.22381 0.02857 0.57619
Epoch: 33-----------Training Loss: 0.09968 -------- Testing Loss: 1.87516 -------- Training Acc: 0.99774 -------- Testing Acc: 0.66576 -------- Class Acc: 0.66303
confusion_matrix:
0.54063 0.29688 0.06875 0.09375
0.07407 0.80864 0.04321 0.07407
0.09600 0.21600 0.66000 0.02800
0.08095 0.24762 0.02857 0.64286
Epoch: 34-----------Training Loss: 0.08499 -------- Testing Loss: 1.86365 -------- Training Acc: 0.99955 -------- Testing Acc: 0.64583 -------- Class Acc: 0.64099
confusion_matrix:
0.61250 0.26875 0.01250 0.10625
0.10494 0.77469 0.00309 0.11728
0.24400 0.25200 0.47200 0.03200
0.08571 0.20000 0.00952 0.70476
Epoch: 35-----------Training Loss: 0.13302 -------- Testing Loss: 1.84454 -------- Training Acc: 0.99774 -------- Testing Acc: 0.64221 -------- Class Acc: 0.64915
confusion_matrix:
0.47187 0.31875 0.08125 0.12812
0.06173 0.75617 0.03395 0.14815
0.06800 0.25600 0.64000 0.03600
0.06190 0.19048 0.01905 0.72857
Epoch: 36-----------Training Loss: 0.20873 -------- Testing Loss: 1.63550 -------- Training Acc: 0.99819 -------- Testing Acc: 0.66123 -------- Class Acc: 0.66527
confusion_matrix:
0.59062 0.23750 0.05000 0.12187
0.11728 0.70988 0.02778 0.14506
0.13200 0.21200 0.63200 0.02400
0.10000 0.14286 0.02857 0.72857
Epoch: 37-----------Training Loss: 0.12769 -------- Testing Loss: 1.79619 -------- Training Acc: 0.99977 -------- Testing Acc: 0.65942 -------- Class Acc: 0.66000
confusion_matrix:
0.64062 0.21250 0.03125 0.11563
0.11728 0.70679 0.02160 0.15432
0.21200 0.18400 0.56400 0.04000
0.10952 0.13333 0.02857 0.72857
Epoch: 38-----------Training Loss: 0.10318 -------- Testing Loss: 1.89021 -------- Training Acc: 1.00000 -------- Testing Acc: 0.67663 -------- Class Acc: 0.67451
confusion_matrix:
0.61875 0.24688 0.02500 0.10938
0.09568 0.77778 0.01852 0.10802
0.16800 0.20400 0.59200 0.03600
0.09524 0.18095 0.01429 0.70952
Epoch: 39-----------Training Loss: 0.08205 -------- Testing Loss: 2.08159 -------- Training Acc: 1.00000 -------- Testing Acc: 0.65761 -------- Class Acc: 0.65695
confusion_matrix:
0.60938 0.23750 0.02187 0.13125
0.09877 0.75309 0.01235 0.13580
0.18000 0.24400 0.53200 0.04400
0.08571 0.16667 0.01429 0.73333
Epoch: 40-----------Training Loss: 0.09902 -------- Testing Loss: 1.89737 -------- Training Acc: 0.99977 -------- Testing Acc: 0.66848 -------- Class Acc: 0.66685
confusion_matrix:
0.64375 0.21563 0.03125 0.10938
0.12037 0.74383 0.01543 0.12037
0.19600 0.20800 0.55600 0.04000
0.10000 0.16190 0.01429 0.72381
Epoch: 41-----------Training Loss: 0.12841 -------- Testing Loss: 1.83439 -------- Training Acc: 0.99977 -------- Testing Acc: 0.67935 -------- Class Acc: 0.68154
confusion_matrix:
0.65312 0.19687 0.04063 0.10938
0.13580 0.70370 0.04321 0.11728
0.14800 0.18800 0.63600 0.02800
0.09524 0.15714 0.01429 0.73333
Epoch: 42-----------Training Loss: 0.10875 -------- Testing Loss: 1.89358 -------- Training Acc: 1.00000 -------- Testing Acc: 0.66123 -------- Class Acc: 0.66375
confusion_matrix:
0.59375 0.18125 0.12187 0.10312
0.13272 0.69136 0.06790 0.10802
0.11600 0.15600 0.70800 0.02000
0.09524 0.20476 0.03810 0.66190
Epoch: 43-----------Training Loss: 0.07259 -------- Testing Loss: 1.82351 -------- Training Acc: 1.00000 -------- Testing Acc: 0.68207 -------- Class Acc: 0.68206
confusion_matrix:
0.64062 0.19687 0.05937 0.10312
0.11728 0.72840 0.04630 0.10802
0.12800 0.17600 0.66400 0.03200
0.10000 0.17619 0.02857 0.69524
Epoch: 44-----------Training Loss: 0.03586 -------- Testing Loss: 1.89675 -------- Training Acc: 1.00000 -------- Testing Acc: 0.68478 -------- Class Acc: 0.68571
confusion_matrix:
0.64062 0.18750 0.06875 0.10312
0.11420 0.72222 0.04938 0.11420
0.13200 0.16800 0.68000 0.02000
0.09048 0.18095 0.02857 0.70000
Epoch: 45-----------Training Loss: 0.03924 -------- Testing Loss: 1.94578 -------- Training Acc: 1.00000 -------- Testing Acc: 0.68478 -------- Class Acc: 0.68100
confusion_matrix:
0.65625 0.19687 0.05625 0.09062
0.12037 0.75309 0.03395 0.09259
0.13200 0.20400 0.64800 0.01600
0.10476 0.20476 0.02381 0.66667
Epoch: 46-----------Training Loss: 0.04147 -------- Testing Loss: 1.95307 -------- Training Acc: 1.00000 -------- Testing Acc: 0.67935 -------- Class Acc: 0.67345
confusion_matrix:
0.69688 0.17500 0.04688 0.08125
0.16358 0.70988 0.03395 0.09259
0.14800 0.16400 0.66800 0.02000
0.13333 0.22381 0.02381 0.61905
Epoch: 47-----------Training Loss: 0.04932 -------- Testing Loss: 1.95618 -------- Training Acc: 1.00000 -------- Testing Acc: 0.67754 -------- Class Acc: 0.67517
confusion_matrix:
0.69375 0.15625 0.05312 0.09688
0.14815 0.68827 0.05556 0.10802
0.16000 0.16000 0.65200 0.02800
0.12381 0.18571 0.02381 0.66667
Epoch: 48-----------Training Loss: 0.05286 -------- Testing Loss: 1.93463 -------- Training Acc: 1.00000 -------- Testing Acc: 0.68207 -------- Class Acc: 0.67839
confusion_matrix:
0.65938 0.20312 0.05625 0.08125
0.12346 0.73457 0.05247 0.08951
0.12800 0.18400 0.67200 0.01600
0.10000 0.21429 0.03810 0.64762
Epoch: 49-----------Training Loss: 0.05782 -------- Testing Loss: 1.94968 -------- Training Acc: 1.00000 -------- Testing Acc: 0.68388 -------- Class Acc: 0.67652
confusion_matrix:
0.68750 0.17188 0.05937 0.08125
0.13580 0.73457 0.04630 0.08333
0.14400 0.16000 0.68400 0.01200
0.12857 0.23810 0.03333 0.60000
Epoch: 50-----------Training Loss: 0.06487 -------- Testing Loss: 2.02202 -------- Training Acc: 1.00000 -------- Testing Acc: 0.67120 -------- Class Acc: 0.66126
confusion_matrix:
0.70000 0.18438 0.05312 0.06250
0.15432 0.71914 0.04938 0.07716
0.16400 0.16000 0.66400 0.01200
0.12381 0.27143 0.04286 0.56190
Best Accuracy:0.68478
Average Top 10 Accuracy:0.68351
Best Class Accuracy:0.68571
Average Top 10 Class Accuracy:0.68223
============================= model ends ===================================

============ model starts, fold 1 ===========
model_parameters: 3731496
model:model10;batch_size:128;out_channels:[64, 16];kernel_size_cnn:[[4, 2], [2, 4]];weight:tensor([0.5000], device='cuda:0');lr:0.001
Epoch: 1-----------Training Loss: 1.26658 -------- Testing Loss: 1.19438 -------- Training Acc: 0.41614 -------- Testing Acc: 0.52446 -------- Class Acc: 0.55822
confusion_matrix:
0.44839 0.15161 0.26452 0.13548
0.23209 0.34097 0.11748 0.30946
0.17778 0.06222 0.68444 0.07556
0.06364 0.11818 0.05909 0.75909
Epoch: 2-----------Training Loss: 1.13227 -------- Testing Loss: 1.10814 -------- Training Acc: 0.54498 -------- Testing Acc: 0.55344 -------- Class Acc: 0.58343
confusion_matrix:
0.62258 0.10000 0.14194 0.13548
0.37536 0.29799 0.04585 0.28080
0.28000 0.02667 0.62222 0.07111
0.12273 0.06364 0.02273 0.79091
Epoch: 3-----------Training Loss: 1.03023 -------- Testing Loss: 1.04892 -------- Training Acc: 0.59358 -------- Testing Acc: 0.57971 -------- Class Acc: 0.59019
confusion_matrix:
0.58387 0.22258 0.05806 0.13548
0.22350 0.51003 0.00000 0.26648
0.36444 0.10667 0.45778 0.07111
0.09091 0.10000 0.00000 0.80909
Epoch: 4-----------Training Loss: 0.97125 -------- Testing Loss: 0.97679 -------- Training Acc: 0.62862 -------- Testing Acc: 0.60145 -------- Class Acc: 0.60561
confusion_matrix:
0.63548 0.21290 0.05806 0.09355
0.23496 0.55301 0.00573 0.20630
0.33778 0.11111 0.50667 0.04444
0.10909 0.15455 0.00909 0.72727
Epoch: 5-----------Training Loss: 0.90242 -------- Testing Loss: 0.97298 -------- Training Acc: 0.67450 -------- Testing Acc: 0.60960 -------- Class Acc: 0.62264
confusion_matrix:
0.61935 0.18387 0.07419 0.12258
0.20917 0.51576 0.02579 0.24928
0.29778 0.08444 0.56000 0.05778
0.11364 0.08636 0.00455 0.79545
Epoch: 6-----------Training Loss: 0.85176 -------- Testing Loss: 0.96087 -------- Training Acc: 0.70276 -------- Testing Acc: 0.62591 -------- Class Acc: 0.62996
confusion_matrix:
0.64839 0.21290 0.03548 0.10323
0.18625 0.58739 0.00860 0.21777
0.36000 0.08000 0.50222 0.05778
0.12273 0.09091 0.00455 0.78182
Epoch: 7-----------Training Loss: 0.79630 -------- Testing Loss: 0.94581 -------- Training Acc: 0.73282 -------- Testing Acc: 0.62953 -------- Class Acc: 0.64466
confusion_matrix:
0.64194 0.19032 0.05161 0.11613
0.23209 0.51862 0.02006 0.22923
0.24000 0.10222 0.60444 0.05333
0.10909 0.06818 0.00909 0.81364
Epoch: 8-----------Training Loss: 0.73195 -------- Testing Loss: 0.98781 -------- Training Acc: 0.77034 -------- Testing Acc: 0.64402 -------- Class Acc: 0.66489
confusion_matrix:
0.50000 0.24839 0.10645 0.14516
0.11175 0.59885 0.04011 0.24928
0.08889 0.13333 0.72889 0.04889
0.06364 0.08636 0.01818 0.83182
Epoch: 9-----------Training Loss: 0.68141 -------- Testing Loss: 1.08850 -------- Training Acc: 0.79430 -------- Testing Acc: 0.61866 -------- Class Acc: 0.65230
confusion_matrix:
0.38710 0.22903 0.19355 0.19032
0.08023 0.54441 0.04871 0.32665
0.03111 0.12444 0.78222 0.06222
0.05455 0.04091 0.00909 0.89545
Epoch: 10-----------Training Loss: 0.61949 -------- Testing Loss: 1.17712 -------- Training Acc: 0.82075 -------- Testing Acc: 0.58877 -------- Class Acc: 0.62524
confusion_matrix:
0.38387 0.24516 0.13226 0.23871
0.09456 0.47851 0.03725 0.38968
0.07556 0.11111 0.70222 0.11111
0.02727 0.03182 0.00455 0.93636
Epoch: 11-----------Training Loss: 0.56037 -------- Testing Loss: 1.27223 -------- Training Acc: 0.85466 -------- Testing Acc: 0.59873 -------- Class Acc: 0.63580
confusion_matrix:
0.34194 0.27742 0.16774 0.21290
0.08023 0.51862 0.06590 0.33524
0.06222 0.06667 0.76444 0.10667
0.04091 0.04091 0.00000 0.91818
Epoch: 12-----------Training Loss: 0.51836 -------- Testing Loss: 1.12312 -------- Training Acc: 0.86935 -------- Testing Acc: 0.65851 -------- Class Acc: 0.66562
confusion_matrix:
0.53226 0.31613 0.08387 0.06774
0.13181 0.69628 0.04871 0.12321
0.09333 0.19111 0.70667 0.00889
0.13636 0.12273 0.01364 0.72727
Epoch: 13-----------Training Loss: 0.41105 -------- Testing Loss: 1.03856 -------- Training Acc: 0.91591 -------- Testing Acc: 0.66033 -------- Class Acc: 0.68391
confusion_matrix:
0.49032 0.24516 0.13871 0.12581
0.10602 0.61318 0.06590 0.21490
0.06222 0.11556 0.78667 0.03556
0.06364 0.06818 0.02273 0.84545
Epoch: 14-----------Training Loss: 0.39516 -------- Testing Loss: 1.44090 -------- Training Acc: 0.92247 -------- Testing Acc: 0.62500 -------- Class Acc: 0.62616
confusion_matrix:
0.70000 0.19032 0.01935 0.09032
0.23496 0.57020 0.02006 0.17479
0.38222 0.08889 0.48444 0.04444
0.15000 0.09545 0.00455 0.75000
Epoch: 15-----------Training Loss: 0.36762 -------- Testing Loss: 1.68551 -------- Training Acc: 0.93716 -------- Testing Acc: 0.60054 -------- Class Acc: 0.63550
confusion_matrix:
0.54839 0.10645 0.23871 0.10645
0.18338 0.38968 0.22063 0.20630
0.07556 0.05333 0.82667 0.04444
0.12727 0.05455 0.04091 0.77727
Epoch: 16-----------Training Loss: 0.36636 -------- Testing Loss: 1.48733 -------- Training Acc: 0.93807 -------- Testing Acc: 0.61504 -------- Class Acc: 0.63209
confusion_matrix:
0.70645 0.10645 0.13871 0.04839
0.38968 0.42980 0.07736 0.10315
0.19556 0.04444 0.74667 0.01333
0.26364 0.08636 0.00455 0.64545
Epoch: 17-----------Training Loss: 0.33506 -------- Testing Loss: 1.54493 -------- Training Acc: 0.94733 -------- Testing Acc: 0.62228 -------- Class Acc: 0.63948
confusion_matrix:
0.73226 0.09355 0.05161 0.12258
0.37536 0.42980 0.02579 0.16905
0.28000 0.07111 0.58222 0.06667
0.10455 0.08182 0.00000 0.81364
Epoch: 18-----------Training Loss: 0.24014 -------- Testing Loss: 1.57493 -------- Training Acc: 0.97197 -------- Testing Acc: 0.65127 -------- Class Acc: 0.65362
confusion_matrix:
0.58710 0.25484 0.09677 0.06129
0.17765 0.67908 0.02579 0.11748
0.14222 0.14667 0.67556 0.03556
0.13182 0.18636 0.00909 0.67273
Epoch: 19-----------Training Loss: 0.22320 -------- Testing Loss: 1.77638 -------- Training Acc: 0.97220 -------- Testing Acc: 0.63406 -------- Class Acc: 0.63358
confusion_matrix:
0.72258 0.14839 0.05806 0.07097
0.27507 0.57880 0.04011 0.10602
0.24889 0.16000 0.55111 0.04000
0.17273 0.13636 0.00909 0.68182
Epoch: 20-----------Training Loss: 0.18646 -------- Testing Loss: 1.61859 -------- Training Acc: 0.98214 -------- Testing Acc: 0.66304 -------- Class Acc: 0.66934
confusion_matrix:
0.55806 0.24194 0.15806 0.04194
0.12894 0.68768 0.08596 0.09742
0.08000 0.10222 0.80889 0.00889
0.15455 0.18636 0.03636 0.62273
Epoch: 21-----------Training Loss: 0.15391 -------- Testing Loss: 1.49030 -------- Training Acc: 0.98802 -------- Testing Acc: 0.67029 -------- Class Acc: 0.66121
confusion_matrix:
0.60645 0.26774 0.09355 0.03226
0.12607 0.77364 0.04585 0.05444
0.10667 0.13333 0.75111 0.00889
0.16818 0.29545 0.02273 0.51364
Epoch: 22-----------Training Loss: 0.14409 -------- Testing Loss: 1.65587 -------- Training Acc: 0.99186 -------- Testing Acc: 0.66848 -------- Class Acc: 0.67712
confusion_matrix:
0.64516 0.20323 0.08387 0.06774
0.19198 0.62464 0.04585 0.13754
0.16000 0.10222 0.69778 0.04000
0.15000 0.10000 0.00909 0.74091
Epoch: 23-----------Training Loss: 0.15873 -------- Testing Loss: 1.65458 -------- Training Acc: 0.99277 -------- Testing Acc: 0.66304 -------- Class Acc: 0.67469
confusion_matrix:
0.44839 0.28710 0.15806 0.10645
0.08883 0.73066 0.05158 0.12894
0.08889 0.11111 0.73333 0.06667
0.09091 0.11364 0.00909 0.78636
Epoch: 24-----------Training Loss: 0.16280 -------- Testing Loss: 1.55362 -------- Training Acc: 0.99299 -------- Testing Acc: 0.65851 -------- Class Acc: 0.67010
confusion_matrix:
0.45484 0.32581 0.13226 0.08710
0.08596 0.71920 0.06304 0.13181
0.06667 0.17778 0.72000 0.03556
0.08636 0.11818 0.00909 0.78636
Epoch: 25-----------Training Loss: 0.10890 -------- Testing Loss: 1.61638 -------- Training Acc: 0.99751 -------- Testing Acc: 0.68116 -------- Class Acc: 0.68793
confusion_matrix:
0.53871 0.26129 0.10000 0.10000
0.12894 0.73352 0.03152 0.10602
0.10667 0.16000 0.70222 0.03111
0.07727 0.13182 0.01364 0.77727
Epoch: 26-----------Training Loss: 0.09641 -------- Testing Loss: 1.68441 -------- Training Acc: 0.99684 -------- Testing Acc: 0.67754 -------- Class Acc: 0.68518
confusion_matrix:
0.52258 0.27097 0.12258 0.08387
0.11461 0.73066 0.05158 0.10315
0.08444 0.13778 0.75111 0.02667
0.11364 0.12727 0.02273 0.73636
Epoch: 27-----------Training Loss: 0.11423 -------- Testing Loss: 1.79480 -------- Training Acc: 0.99638 -------- Testing Acc: 0.65217 -------- Class Acc: 0.65083
confusion_matrix:
0.44516 0.34839 0.13871 0.06774
0.06590 0.80229 0.06590 0.06590
0.08000 0.16000 0.74222 0.01778
0.09545 0.27273 0.01818 0.61364
Epoch: 28-----------Training Loss: 0.09718 -------- Testing Loss: 2.24808 -------- Training Acc: 0.99684 -------- Testing Acc: 0.63768 -------- Class Acc: 0.64960
confusion_matrix:
0.48387 0.30000 0.13548 0.08065
0.12607 0.66189 0.04871 0.16332
0.07111 0.16889 0.68444 0.07556
0.14545 0.07727 0.00909 0.76818
Epoch: 29-----------Training Loss: 0.10611 -------- Testing Loss: 1.71655 -------- Training Acc: 0.99593 -------- Testing Acc: 0.67482 -------- Class Acc: 0.67927
confusion_matrix:
0.66774 0.17742 0.11935 0.03548
0.20057 0.64470 0.06590 0.08883
0.08889 0.09778 0.79556 0.01778
0.25000 0.12273 0.01818 0.60909
Epoch: 30-----------Training Loss: 0.11286 -------- Testing Loss: 1.84348 -------- Training Acc: 0.99367 -------- Testing Acc: 0.66576 -------- Class Acc: 0.67263
confusion_matrix:
0.67419 0.19032 0.05161 0.08387
0.20344 0.61318 0.04585 0.13754
0.20444 0.11111 0.66222 0.02222
0.14545 0.10000 0.01364 0.74091
Epoch: 31-----------Training Loss: 0.08154 -------- Testing Loss: 1.89975 -------- Training Acc: 0.99842 -------- Testing Acc: 0.64764 -------- Class Acc: 0.64561
confusion_matrix:
0.66129 0.19355 0.03226 0.11290
0.18052 0.65903 0.01719 0.14327
0.27556 0.16444 0.46667 0.09333
0.08636 0.11364 0.00455 0.79545
Epoch: 32-----------Training Loss: 0.05527 -------- Testing Loss: 2.11401 -------- Training Acc: 0.99910 -------- Testing Acc: 0.63496 -------- Class Acc: 0.63071
confusion_matrix:
0.60645 0.26129 0.03226 0.10000
0.17479 0.69054 0.01146 0.12321
0.28444 0.16889 0.46222 0.08444
0.08182 0.15455 0.00000 0.76364
Epoch: 33-----------Training Loss: 0.05816 -------- Testing Loss: 2.37684 -------- Training Acc: 0.99842 -------- Testing Acc: 0.64312 -------- Class Acc: 0.64990
confusion_matrix:
0.69355 0.15484 0.07097 0.08065
0.24642 0.56160 0.05158 0.14040
0.21778 0.12444 0.64444 0.01333
0.16364 0.11364 0.02273 0.70000
Epoch: 34-----------Training Loss: 0.06594 -------- Testing Loss: 1.97329 -------- Training Acc: 0.99864 -------- Testing Acc: 0.65851 -------- Class Acc: 0.66272
confusion_matrix:
0.64194 0.19032 0.03548 0.13226
0.19771 0.64470 0.02006 0.13754
0.25333 0.11111 0.57333 0.06222
0.07273 0.13182 0.00455 0.79091
Epoch: 35-----------Training Loss: 0.08753 -------- Testing Loss: 1.86668 -------- Training Acc: 0.99910 -------- Testing Acc: 0.66576 -------- Class Acc: 0.66380
confusion_matrix:
0.60645 0.24516 0.07742 0.07097
0.14613 0.72206 0.04585 0.08596
0.19556 0.13778 0.62667 0.04000
0.09091 0.20000 0.00909 0.70000
Epoch: 36-----------Training Loss: 0.08600 -------- Testing Loss: 1.83926 -------- Training Acc: 0.99751 -------- Testing Acc: 0.66395 -------- Class Acc: 0.66940
confusion_matrix:
0.70323 0.14839 0.02581 0.12258
0.22350 0.60458 0.02292 0.14900
0.26667 0.12889 0.52889 0.07556
0.07273 0.08636 0.00000 0.84091
Epoch: 37-----------Training Loss: 0.07134 -------- Testing Loss: 2.12573 -------- Training Acc: 0.99797 -------- Testing Acc: 0.63859 -------- Class Acc: 0.63910
confusion_matrix:
0.63871 0.23548 0.01613 0.10968
0.19198 0.64183 0.00287 0.16332
0.28000 0.17778 0.46222 0.08000
0.08182 0.10455 0.00000 0.81364
Epoch: 38-----------Training Loss: 0.06484 -------- Testing Loss: 2.12621 -------- Training Acc: 0.99864 -------- Testing Acc: 0.66214 -------- Class Acc: 0.65843
confusion_matrix:
0.62903 0.25484 0.02903 0.08710
0.16332 0.71347 0.01146 0.11175
0.16889 0.17333 0.58667 0.07111
0.10000 0.19091 0.00455 0.70455
Epoch: 39-----------Training Loss: 0.08920 -------- Testing Loss: 2.22776 -------- Training Acc: 0.99684 -------- Testing Acc: 0.62409 -------- Class Acc: 0.63577
confusion_matrix:
0.57419 0.18065 0.10645 0.13871
0.16332 0.57880 0.06590 0.19198
0.16000 0.13778 0.63556 0.06667
0.07273 0.12727 0.04545 0.75455
Epoch: 40-----------Training Loss: 0.06857 -------- Testing Loss: 2.06998 -------- Training Acc: 0.99751 -------- Testing Acc: 0.67029 -------- Class Acc: 0.66765
confusion_matrix:
0.61613 0.27097 0.05484 0.05806
0.14900 0.72779 0.03152 0.09169
0.16000 0.16889 0.62667 0.04444
0.10000 0.19545 0.00455 0.70000
Epoch: 41-----------Training Loss: 0.05910 -------- Testing Loss: 2.40544 -------- Training Acc: 0.99887 -------- Testing Acc: 0.62500 -------- Class Acc: 0.63587
confusion_matrix:
0.63871 0.13871 0.03871 0.18387
0.18052 0.54728 0.03438 0.23782
0.32000 0.08000 0.47111 0.12889
0.03636 0.06818 0.00909 0.88636
Epoch: 42-----------Training Loss: 0.06464 -------- Testing Loss: 2.00143 -------- Training Acc: 0.99955 -------- Testing Acc: 0.69293 -------- Class Acc: 0.70253
confusion_matrix:
0.63871 0.20968 0.06129 0.09032
0.16905 0.66476 0.04585 0.12034
0.12889 0.10222 0.70667 0.06222
0.06818 0.12273 0.00909 0.80000
